1.634475001588595156e+00
1.220207571523797441e+00
1.505373181936644933e+00
8.737166432053157239e-01
3.793948487799797542e-01
1.320197035456465162e+00
6.788084796242015440e-01
-8.336921696209065313e-02
-2.351536287186928309e-02
8.154750319254424618e-01
4.599360876424135602e-02
5.703985708701290180e-01
3.207805856666982591e-01
7.470879939834700056e-02
1.287785428029679435e+00
2.694022508109937264e-01
3.108382545613123105e-01
-2.408558767435881043e-01
-3.225803010667278592e-01
4.258258969752080070e-01
8.670436366345582457e-02
-1.294543131602260422e-02
-3.520360785367343537e-01
2.837571046429571142e-01
-5.108694292055391273e-01
-6.040381168133809875e-02
1.773134930113947350e-01
-7.496261404512874482e-02
1.595435757685781164e+00
-5.330810235273332198e-01
-2.213569476667530400e-01
2.146135669586863581e-01
-4.961545328833466550e-01
7.129273122057086520e-02
1.742164005000308713e-01
-5.861447799981982509e-01
4.966498567867148051e-01
2.280466742047092266e-01
2.959683097958515363e-01
-5.985150229904125929e-01
-3.722578240454033072e-01
-4.347359498257808430e-01
-1.965579674754395489e-01
-4.133954701388165009e-02
-4.106171526566999574e-01
2.786508817507505342e-01
-4.595321084637151166e-01
-8.651822416022709739e-01
-3.257318063006581776e-01
2.531038524383170674e-01
1.276379150879645985e-01
-6.861984507175530323e-01
5.763201870034128094e-01
-2.076231772514640639e-01
4.220359600929284721e-02
4.693528210696668035e-01
1.001031850405325496e+00
7.182943158272558914e-01
-5.503351325040977127e-01
3.993470301166048841e-01
7.624530605899412783e-02
7.028891442084421737e-01
-1.361233077094454773e-06
1.678272327461826918e-01
2.548338643208329733e-03
-4.523500320208603265e-01
5.908319852067300815e-01
-3.110626535249303992e-01
-3.927444122862208675e-02
-4.992459399819052512e-01
9.890089052405255376e-01
-4.104901220192239686e-01
3.215076346180929523e-01
-2.997451122154890513e-01
3.921963915055978189e-01
6.086108655531535100e-03
8.854060395230284319e-02
-2.016339831444856900e-01
6.567834821298681458e-01
1.336051097655756692e+00
3.963770854045196024e-01
-1.212983211843678411e-01
-7.118810566320069588e-01
7.931233613283723838e-02
6.074722489656835256e-01
9.208871016628530359e-01
3.746579378457056131e-01
-4.324429193835742646e-01
4.016881119070090378e-01
5.544658872269098149e-01
8.824607873212707565e-01
2.007199326783775661e-01
-1.621400015374963033e-02
3.763816390283815094e-01
1.061084565941105451e+00
5.965026077581030428e-01
-3.518785175038516844e-01
1.045205852248122902e+00
6.316890266821018063e-01
9.704828829729762463e-01
2.669169506398179070e-01
1.285924552549571054e+00
2.335976180940503522e+00
7.567263869983351654e-01
1.374164392865817597e+00
1.287497602079010983e+00
2.130279208064483343e-01
2.976265623110375125e-01
-5.645017839306778473e-01
-5.935954860476441164e-01
5.343474629810889276e-01
9.414987817117719260e-01
2.546491611954235790e-01
7.386733162038660039e-01
1.420958442530720900e-01
1.101797514389748489e-01
4.042692562148260671e-01
-6.335941148384858224e-01
-1.401800199829616456e-01
6.187856442373164123e-01
-9.414849465152563823e-01
3.977072336093828153e-01
-9.917440603744774874e-01
-6.687965594337393904e-01
2.860913050488725351e-01
-4.429367115642982716e-02
-4.441928914102508119e-01
-6.306635208448793106e-01
9.967041267053190490e-01
-1.994218302598301240e-01
6.220699045687846374e-01
2.151342010613165601e-01
-5.757099888154570966e-01
-3.213148370258138709e-01
-1.378194427152727164e-01
-1.507455268374942314e-01
-4.001527105662498057e-02
7.573258110827513212e-01
-2.485518776193802182e-01
-1.069476098484091198e+00
2.739896116304198492e-01
-7.695688491139703880e-01
-2.028227878874777623e-01
1.788311769521175321e-01
3.040368836268784181e-01
-6.246616891089672441e-01
-9.918980750456073137e-02
7.061177762804479729e-02
7.598618309865745601e-01
6.272272307743453901e-01
2.965769386861620283e-01
9.800872501645854773e-02
-6.618320768737576687e-01
-1.791759121352218612e-02
-5.301603426040096823e-01
-2.904894281504745712e-01
3.237534092665509400e-01
4.159401197000757722e-01
-1.113225570867572289e-01
-3.961432969498833168e-01
-1.392874118692050578e+00
-2.834063112159858622e-01
-7.761210601203613058e-01
-1.018022402016463435e+00
1.132086652774064284e+00
6.336991908029279141e-01
-3.497832756684833289e-01
-5.713193700838409272e-02
-2.374259762861660183e-01
-2.551699215163357737e-01
-5.567545663179310766e-01
-9.773414187811521603e-02
-3.066993537599421726e-01
-3.522331411784375699e-01
2.128994858486404906e-01
-4.085769749535942963e-01
-8.066820453346396080e-01
3.157295966503191886e-01
-7.845054548952242746e-01
-6.308821375786964891e-01
-5.001599434436366787e-01
7.726999782873897882e-01
-2.612675500166172227e-01
2.619037258339852459e-01
3.273186307825332736e-02
7.505331599471657400e-01
-2.392044474989971636e-01
-1.114477258635837575e-02
4.608197501377351291e-01
-4.460189370095291039e-03
8.145292131295689408e-02
2.811331131122760674e-01
4.816171036634283587e-01
2.432700837335223798e-01
6.777286444378067820e-01
1.494819652462204607e+00
1.547532600136157122e+00
6.711395286663993653e-01
1.673166426390013450e+00
1.625564216409923990e+00
9.748876710533505019e-01
8.504351404939903825e-01
1.382472691698619638e+00
6.378668974471406461e-01
1.047864298102620495e+00
6.686644030422004281e-01
1.318036321581761650e+00
1.335176383581022863e+00
1.708914350452658826e-01
9.909394535067994614e-02
3.002602295609484995e-01
8.391252729932539012e-01
4.262205602200128673e-01
1.300605963237741136e+00
-7.339135021223128774e-01
-3.912121951562870514e-02
-4.486765831263508919e-01
-7.626515061275856988e-01
5.655277773001585739e-01
-6.396352476761566486e-01
6.129005544809648098e-01
-2.231722614187024722e-02
5.384552892260502377e-01
-1.133476228021321752e+00
-4.504252696786957555e-02
8.046872090732704041e-02
-9.834613035446661267e-02
-3.133309505747813167e-02
5.900691121721586274e-01
-4.528382205471720989e-01
3.473928417682434211e-01
-4.684029512046440358e-01
-1.677167627913392633e-01
-8.529409091356130457e-01
-4.929537978268533349e-02
-5.804984537267951494e-02
-5.900698219781423948e-01
4.562961088360507067e-01
-9.531462093776928157e-02
-1.282670704753287039e+00
2.579964247713423808e-01
-5.900841578101515550e-01
-7.248247130900751234e-01
9.068679517448747784e-01
1.899711195630703064e-01
-1.804770597951239064e-01
-1.003954151255014998e-01
-4.339577946484245996e-01
-3.628224486120964487e-01
4.575801880326785809e-01
5.836810841865296418e-01
3.616721027952747858e-01
5.139857178415477845e-01
5.185675348029202686e-02
-7.869520403333792880e-01
-1.816962830474073975e-01
1.146319650573900173e+00
5.324015856682021153e-02
-4.371439846362913939e-01
-3.279474156787332562e-01
6.629672734588311078e-01
4.277641965365395760e-01
-2.921379904326865118e-01
-1.656227670228898816e-02
-9.933923553840897647e-01
-1.658465358379840326e-01
-2.731843892036076721e-02
-4.380490310232258433e-01
8.812881451716143566e-01
8.882750602727934597e-02
1.445893724771726840e-01
-7.791325188365465504e-01
-3.500462667309294784e-01
4.392779084047103155e-01
-6.931234277200337690e-01
-1.081707998045361663e+00
-1.777753064967285412e-01
-4.638483921227941620e-01
-3.294978994017379592e-01
6.332397420484708883e-02
6.104545806761592086e-01
1.450458794661172168e-01
2.162150596268045677e-01
-2.735343001327872337e-01
3.837129257616706535e-01
3.615308046818661580e-01
3.356459085783485286e-01
5.205033049532015177e-03
3.729476588223380462e-01
5.617864814620918690e-01
1.462122019487193392e-01
-3.142968135954694042e-01
-2.661442619445717472e-01
8.235039315195324949e-01
1.108527802667806039e+00
2.117450781537820514e+00
7.075012243089080499e-01
8.891104737654886847e-01
9.209180884092340591e-01
1.083711975387718462e+00
1.029895966760389525e+00
1.847985490941276732e+00
9.497085332209107555e-01
1.000510515574434045e+00
4.631261027620866000e-01
1.599590691203363946e+00
1.476355607975157636e+00
3.402428341689587854e-01
6.878802884145126528e-01
5.971266013998820510e-01
-5.306761111650514229e-01
7.080776211104208850e-02
1.558480942658496959e-01
-6.401623929796596002e-01
7.473893040737513704e-01
-3.303903639494815137e-01
2.423187002197675355e-01
5.365185177135106676e-01
1.293163587999174857e-01
7.526639627364879737e-02
-1.444382065500584011e-01
5.692249634329429320e-01
-7.324695633243584469e-02
-6.888896693694359641e-01
-2.712393889799321611e-01
-1.246213952762225130e+00
1.604319081154244320e-02
-3.489420400950802303e-01
-5.765730672755314812e-02
1.747665645782654209e-01
-1.331130780763294830e+00
2.883889110639186737e-01
-2.871562406032760473e-01
3.658386261393279382e-01
4.024417490998350999e-01
1.484970021912274951e-01
6.755089024282577848e-01
3.681740015383694886e-01
5.208332784291408446e-01
-1.782657321071636769e-01
2.746623119329885676e-01
-5.688744516175913146e-01
6.875863528389498658e-01
-3.855824287856966515e-01
-3.614555987340885013e-01
3.597815066622689351e-01
-9.231814047856571337e-01
-4.231523126937437040e-01
-4.583453126721049320e-01
5.285875334661397328e-03
-6.241963343079656168e-01
5.115372843327260499e-01
4.947677279487913138e-01
-3.519369182055970269e-01
-5.718181495533157799e-01
2.373538253199416470e-01
8.695341162120560075e-01
6.966104758721894941e-01
2.127848012343213149e-03
-2.672333119768975918e-01
-4.216204894703734496e-01
-2.401082649144992975e-01
-9.193337392260290120e-01
1.152185360072621040e-01
-7.457412830585229135e-02
-1.780059228320233500e-01
7.066548004707320363e-01
-5.358174646072658698e-01
-2.659492977780252843e-01
-3.105216894375495973e-01
8.249009458424341745e-02
7.263635199272495957e-02
-1.007498570492597167e+00
-2.962238339779869611e-01
-4.207983291489174604e-01
-8.310386398881004499e-01
2.425676014558410254e-01
4.461528389162016106e-01
2.996043226952400107e-01
-1.271550942967913933e-01
-2.919376617675337737e-01
-4.180036011112852612e-01
-4.059351738670733400e-01
6.579178856611618276e-01
-3.367856584960157718e-01
-9.139741488623759347e-01
5.165552709805076859e-01
7.663349034707371832e-01
7.872965232167551397e-01
7.118222621450063237e-01
-5.937671440994509720e-01
3.835470190016969094e-01
4.504042643564751813e-01
1.307874184657567551e-01
1.017739088069069542e-02
9.958532967429611915e-01
5.930422003451538693e-01
9.610518638291424276e-01
7.780242490874726968e-01
1.138680275094981376e+00
1.352722165822363598e+00
1.861539402491516615e+00
9.410589241059864607e-01
1.756548777856788979e-01
7.316457227153346787e-01
2.525235317322636064e-01
-2.507195364912585545e-01
1.699000046948831999e-01
1.003274910467437664e+00
6.748575424546339185e-01
-2.595723571401549190e-01
1.330160040206586902e-01
-3.424159474362085120e-01
-2.401450085219974384e-01
-2.248811660564473680e-01
4.801254153978072592e-02
4.322814872472213743e-01
7.014386020992089410e-01
7.025660269252236301e-01
5.772521087369241188e-01
1.876457134208296684e-02
-4.639617938804946329e-01
7.135010783960663017e-02
5.806807648815149880e-01
9.372939976066839429e-02
-4.849322393645821294e-01
1.112514797018882007e+00
-3.616711027519454724e-01
4.987617649215834725e-01
-2.515322162574034626e-01
6.421549698749968726e-01
-2.707367043580025667e-01
4.976312110530995980e-01
9.570224733563902353e-01
-4.595493552935129289e-01
-4.845487407544988856e-01
-3.864560505112538125e-01
-2.893152347676367642e-01
2.792015377149765221e-01
-6.529040573034692319e-01
2.093109948200012338e-01
3.202357634741105890e-03
3.919199988967214665e-01
-2.922665051655972679e-01
-5.848261897616903182e-01
-5.723624614510417485e-01
4.118488974073503117e-02
4.317463856157279789e-01
2.766698171107513926e-01
4.370592217098380194e-01
5.566847985910929747e-02
1.468067211969542041e-01
-1.559348278076317651e-01
7.344632379073829931e-01
3.572206400319258984e-02
-5.085842018718021995e-01
3.438665741965769573e-01
3.905855359680378558e-01
9.471962020359872003e-01
-9.485661338277280308e-01
4.847421925569279089e-01
5.356016270850207928e-01
7.839248072686329227e-03
2.229758937203877023e-01
8.724704081433231062e-01
-9.903266047668527472e-01
-8.765456722439111115e-01
1.131052218437222034e+00
4.696548160511976877e-01
1.895984815739969144e-03
-2.745886196416829628e-01
2.505983132466383934e-01
3.389941878779094697e-01
5.000129149976283854e-02
-5.212494996519080603e-02
-1.453255291088793692e-02
2.870653934468153645e-01
-6.763573902565405138e-01
-1.591167384902477666e-01
1.609061071669397325e-01
3.159555222882844405e-01
1.171831781834292013e-01
8.086995905230827120e-01
5.544840161554180913e-01
2.372697495327364958e-01
4.983420077000241810e-02
8.002837016529842362e-01
4.544805367286601783e-01
-4.812274965957166195e-01
3.019673958774615752e-02
4.376846245204689123e-01
3.199273715997188461e-01
8.778145556641423486e-01
5.411828689517046431e-01
6.238868348875875602e-01
1.501056976562009648e+00
1.413183513762859889e+00
1.100899601446179377e+00
3.727367881884573464e-01
3.829321865315853390e-01
3.849389355016163972e-01
8.808745070636503360e-01
1.175078914450820466e+00
1.395321948033189541e+00
1.542383640178589088e+00
-1.658036640553237628e-01
1.295168388766251732e+00
4.220624316709168378e-01
1.353305997294093954e+00
3.631006732619939115e-01
-5.769875453099509999e-02
7.439013376868577887e-02
9.253290219878795853e-01
-2.123612135766772546e-01
7.702917913447028253e-01
2.950685937502894873e-02
-2.404991070563460842e-01
-4.196495762473585467e-01
5.876058536257147136e-01
2.559912968138862155e-01
3.474627389192188054e-01
8.340199969853183404e-02
4.722183522591896776e-01
-2.666345543277655050e-01
-3.922716650804187188e-01
-9.369553548832921797e-01
-7.797864454758182129e-01
4.138925283941993771e-01
6.908951013326014579e-02
6.007424740268271224e-01
-1.434415698184799137e-01
3.150739228994948737e-01
-5.503505639271641936e-01
-3.532011599440789129e-01
2.554748011972056143e-01
3.683958859867590696e-02
-1.048923704678238700e+00
-9.355083693932748634e-01
-3.181570418725691574e-01
2.623912514255541395e-01
1.515351372035623201e-01
4.778983077907270755e-02
1.026224763166254439e+00
-4.692860539570299916e-01
1.207461689726641862e-01
-1.308878110326262778e+00
2.129587587385796399e-01
-4.691196385225508969e-01
2.806216366796467077e-02
3.311190418701970284e-01
-1.101555017911810298e-02
-3.158751630178476683e-02
-6.923268496034347130e-01
-1.609555975744101086e-01
5.238431990741058142e-01
-6.914520975103869427e-01
-6.766759999731224440e-01
-4.996870178195904622e-01
-6.064934970596489450e-01
-4.052958605279734505e-01
-8.928041031055686805e-01
4.691547245777078490e-01
-4.740380068174975259e-01
-1.244139965028303874e-01
-4.313795693766604433e-01
-2.678279054287579508e-01
-4.313640601882638981e-01
4.914809743387164032e-01
4.190266346872007497e-01
-5.329984461853218836e-01
-6.413953915895692637e-01
7.345030753407512103e-01
-6.790262672871697491e-01
7.861754987806470751e-01
-2.508024470662200134e-01
2.669491668446347665e-01
-1.344320105554353662e+00
-5.814720738834850966e-01
1.379139855028691658e-02
5.299889886804107775e-01
-6.793625234281772118e-02
7.840014745961709774e-02
-6.632804311228376326e-01
6.850874760575990097e-01
3.025540340418413354e-01
-5.943532139534377645e-01
1.238198772524637670e-01
3.429928421184949006e-01
1.370669986996211343e-01
-3.340071694623510390e-01
-8.114893787709385187e-01
3.903072126360618288e-01
1.728836401131650935e-01
-7.607731619532004386e-01
2.690086307790273690e-02
7.843923705108833966e-01
1.109556217423175895e+00
7.662794630858167366e-01
1.217336985850012265e+00
1.983340739336838521e-01
1.153421380064611368e+00
1.302918406595215961e+00
1.185420270309928581e+00
7.157058752844238647e-01
1.352139641133691450e+00
1.171971813088327208e-01
-1.524229822747098506e-01
6.820364864916469427e-01
4.703672614742976377e-01
-1.272639589839873464e-01
7.856272981131435795e-01
-7.526970570470825628e-02
8.451742684660532579e-01
6.302479072614237676e-01
5.884881203452808907e-02
3.217134293076751583e-01
6.917667614459757086e-01
-6.233508105888468931e-01
-5.166988334404617467e-01
-7.561425699439535686e-01
9.269899420000270174e-02
-1.644496640454803926e-01
3.210785638465045722e-01
-3.240133246885882334e-01
-4.345878732855913418e-01
-2.904000976006859136e-01
-4.386736985579435810e-01
7.019304089990860973e-01
4.748789473176084214e-02
3.802246379305276869e-01
-6.147683070141324313e-01
1.147687736317891255e-01
8.112325179551777010e-01
-6.863372865481966179e-02
6.303325239358629206e-01
3.695110921584983665e-01
2.132226965860613624e-02
8.805132083908443485e-01
-1.146509640789193790e-01
-2.140772512999380428e-01
9.200548302523162136e-02
2.278669674437323045e-01
3.190278818567913732e-01
-2.254233360699536837e-01
1.274232913595617078e-01
2.052252961896357530e-01
-3.681840117465405848e-01
3.681252752765772351e-01
-2.640670393305198926e-01
-5.022663151231464562e-01
2.524576710954443137e-01
-9.064047684567812235e-02
8.074522153553168047e-02
2.076547327386156147e-02
1.565282106761437531e+00
-1.146206601587184681e-01
6.390920895001708235e-01
1.851697497756237265e-01
7.423509785627495361e-02
2.900850589883184893e-01
4.995902843156569961e-01
3.390920896376924953e-01
1.336518771403227002e-01
-2.774169338110857863e-01
2.413048437396766999e-02
-9.356314424902040239e-01
-3.536747896845437444e-01
6.674545059008983594e-02
-8.466889594958212362e-01
-8.257423902627395451e-01
-1.150449805875590981e+00
2.643549347182166387e-01
3.018458488696182385e-01
2.408116562670737093e-01
-2.562791016408997313e-01
1.638971412104490294e-02
1.001376413614952776e+00
4.259086826202856946e-02
4.379854181007589164e-01
4.899685240492190341e-01
5.498647299260976951e-01
7.641167761031193439e-01
-6.981562507702075981e-01
-5.535109224304072262e-01
3.410214661961018523e-01
3.455673069784472862e-01
7.807837654579496967e-01
1.310469115057796841e-01
5.213917775600985793e-01
-5.460441846001523603e-01
5.470301980565600575e-01
2.488040612392927731e-02
1.044357774120425741e+00
3.266879646938170567e-01
1.378176251086902004e+00
1.136554391014567233e+00
1.534751830295407071e+00
8.585075657523471016e-01
8.675499912105723022e-01
2.305744811804842698e+00
1.896784195316610688e+00
1.931497997337807693e+00
1.756378079299663053e+00
7.553250563699819287e-01
5.946729024483028425e-01
8.665599637563969893e-02
6.392882408850952825e-01
8.675102771914801059e-01
5.320959525914161770e-01
9.347513497299942964e-01
5.894509686678262028e-01
3.984030933696008359e-01
7.849579412612540663e-01
4.227421773353419177e-01
3.359105248207739924e-01
5.770089685317421058e-01
-1.519246135569363720e-01
8.189248285155362739e-01
3.591537520124046812e-01
3.294862978274138432e-01
-8.605224110545542926e-01
-1.577978860289945551e-01
6.293309700231788373e-01
-7.149859443703315831e-01
8.491118370435940532e-01
-1.691459962494210739e-02
2.268747685143442105e-01
1.669807866507918293e-01
1.699182030921475295e-01
-7.218385521292238760e-01
4.696321871785242297e-01
3.216147173590095387e-01
8.333190928436932099e-01
-7.584935430125680500e-02
1.115089434496240872e-01
-1.578335311488601733e-01
-6.324352423474884910e-01
3.802954881921168373e-01
-4.008918059230291431e-01
3.027464266347499877e-01
-4.219552860940920525e-01
1.414341041100804219e-01
2.809227414765070319e-01
1.402093572288503620e-01
2.599978501542922760e-01
-7.665251522131228956e-01
2.019285851016040523e-01
-5.912198793977528899e-01
2.870550444800074597e-01
-4.515616794241766319e-01
-1.722056459404975315e-01
-1.686098593910526910e-01
-5.875738898236883279e-02
2.741082666588727235e-01
3.064530575648067093e-02
-2.950381968277441813e-01
-7.182876041205032980e-02
-2.228223363550344838e-01
-3.371096942885512537e-02
3.144252789726927344e-01
2.168340281160864302e-01
3.210877539005807524e-01
-4.155901774505064705e-01
-5.577785611543968347e-01
7.303573219351321144e-02
-7.961048197970480023e-02
-7.692627563964329895e-02
-1.062883458765933459e-02
2.111317250122598799e-01
-5.087938838558168086e-01
-2.629362233324107345e-01
-4.223145831241499892e-01
-1.108171959233735349e+00
-3.023126163155755511e-02
-1.248458777210761407e-02
-8.836959870290824748e-01
1.129787070965164730e-01
1.448954473875717852e+00
8.307701795279103657e-03
-2.372567925578491776e-01
-1.011477750516052820e+00
-1.143392457112226701e+00
5.259603860358479377e-01
9.118752093190514163e-01
-1.752435531396566715e-01
7.685164376958818211e-02
3.479425941407762735e-01
3.613067498256307131e-01
2.045467926482577581e-01
4.848213966150926035e-01
6.149354207150367069e-01
7.029736311147307681e-01
-5.195550842449813134e-01
4.546007755613621359e-01
1.283890790434074392e+00
2.460346361449453623e-01
4.651341230848209940e-01
1.211155131518735439e+00
1.441279182288302874e+00
9.288593786382061124e-01
6.140777668246870657e-01
1.089281985709621425e+00
1.463801873892648597e+00
1.476779172122238304e+00
8.848019814298079266e-01
6.424656287383037068e-01
-4.401446403507724980e-02
5.119499935936223656e-01
2.011322282893976521e+00
-1.729350209927421611e-02
1.351573711316323090e+00
2.852993780249692413e-01
3.398317909732488373e-01
8.068607560869009987e-01
7.019705937611734337e-01
1.582772239064937247e+00
1.778513379625765445e-01
1.159812738569267615e-01
3.082141546595705828e-01
1.730218401595270961e-02
3.892998065606286251e-01
-4.649106109385197083e-01
-9.629321127678608372e-01
3.128018496129880144e-01
9.455245189985345133e-01
-2.175469703851335423e-01
-1.014470750756965245e+00
-8.613993600901883596e-01
-4.644693041199899897e-01
-4.845177365143213399e-02
3.493318200612293700e-01
-1.342460693178708919e-01
-4.212045319347960115e-01
4.051543471145371139e-02
-2.701075414777916461e-01
3.387400374022874194e-01
6.223925758122951235e-01
1.932401344755827755e-01
7.192126214578890009e-01
-8.263202613770701532e-01
-2.644022328463541127e-01
-2.576686267167043742e-01
-2.805029454270732137e-01
-4.847090977618122992e-02
-6.874491403972425863e-01
8.964935841873602484e-01
-1.057184881948497052e-01
5.413394793484361811e-01
6.601224153551016327e-01
-3.997384525415595968e-01
2.612518036058604776e-01
7.575518138981424121e-01
5.809023739176238932e-01
4.673022311003301454e-01
-3.783289790635665367e-02
-1.235493023124207002e-01
7.074238427259001150e-02
8.111141205455167646e-02
3.846864304974423332e-01
-1.779428304795269145e-01
9.112545203573592101e-01
6.056205957377297500e-01
5.889285640055704797e-03
4.209682344267864362e-01
-6.669705367630496262e-01
3.461734789290629721e-02
5.363624582843259381e-01
-7.313779067358742170e-01
-2.303381643197172438e-02
1.125148552877675456e+00
-6.813837596005589692e-01
1.475483893108986977e-01
1.048275293445991574e+00
-4.964323194814665996e-01
-6.414505734151546568e-01
-2.228806074468551723e-01
-3.428712599325599575e-01
3.219193554353691478e-01
6.522107568267104805e-01
2.004701362453417124e-01
2.607306870558649958e-01
-5.099537528497193328e-01
-6.376014603944110126e-01
1.672846511497948913e-02
-2.601686724310969812e-02
5.654123339859680186e-01
6.351840711262390915e-02
-1.068261431430146180e+00
1.028956504422652518e+00
6.796926130510603237e-01
-2.922580065172567521e-01
-4.895682582488120049e-02
1.186903274893182036e+00
1.116810445968729137e+00
1.195596576139059675e-01
3.835770881818035827e-01
6.590129781434077572e-01
1.175828098188579141e+00
1.177425443076661526e+00
9.319105157720802834e-01
1.694390063170742478e+00
5.572372673484355943e-01
1.557267771491425812e+00
1.162854008138685558e+00
9.009659074086237007e-01
1.134427764027283958e+00
9.035704130767024944e-01
1.607565920203809728e+00
1.009031597837761973e+00
-3.895760598817870624e-01
-4.816059878917555714e-02
7.373493541621073399e-01
3.327877720966459507e-01
4.501497771555273419e-01
-3.660742996176523656e-01
8.863428267894242207e-01
2.855806771319694959e-01
1.066230214125329256e+00
9.490631461205474295e-01
-2.321333524426007766e-01
5.127563817130127433e-01
3.217894126107472275e-01
-3.782771715581221827e-01
2.203161965327135041e-01
-4.866662561860908842e-01
1.230204748890152966e-01
-5.077480825880302806e-01
-3.663476985276165054e-01
4.720525712511809968e-01
-1.946581914395702773e-01
2.655023321049585494e-01
-4.077840705561771029e-01
1.994099766708754690e-02
6.114923792973897543e-01
-4.777755365282016498e-01
3.522844275823831528e-01
7.718870562025219595e-01
-3.704626639624430395e-01
4.602729345782259895e-01
-1.702389236404084627e-01
2.793957196601141724e-01
5.413303966551182844e-01
4.876616799252912471e-01
-3.138636833983876606e-01
7.669689501710656998e-01
4.460715685330002844e-01
-6.564409533484134585e-01
-7.105475567382473212e-01
8.681401715463095137e-01
-7.755149069953540808e-01
-4.286516506257530279e-02
-7.419256090501216150e-01
4.008871869006304101e-01
7.398306302606015850e-01
4.373503361998932748e-01
1.033186962872325171e-01
-6.268918441788159934e-02
-8.478860828849563158e-02
-4.146007795808572677e-02
5.532372120228093992e-01
-4.750286953050703587e-01
-3.229870121104450043e-01
-4.586468301668140124e-01
-1.426387786508582778e+00
-5.496676367053071610e-01
9.937097033860121664e-01
5.821545283642259871e-01
-3.816532626996467781e-01
2.818612888136908801e-01
-1.988235973702697501e-01
1.859148003082239098e-01
-2.709656323772633227e-02
2.685868508654002396e-01
1.092823157903700798e-01
9.565808913421306459e-01
-1.057606689678474599e+00
-3.687593182538468906e-01
-8.622823161595231933e-02
-1.976018849403269051e-01
8.876093895387768828e-01
1.820846516611183408e-01
8.075509050169865644e-01
-1.147798606413017175e-01
2.668631464271053466e-01
-4.419028427731834796e-01
5.735880083095269422e-01
-2.168990068515619929e-01
1.075642082238215114e-01
3.192135548630909425e-01
-5.944331896848958907e-02
9.954108292509751266e-01
7.575982222614814354e-01
-4.798036007367389999e-02
3.376918341762206177e-01
-6.923369043070259909e-02
2.145683564020240963e-01
2.167546379323713968e+00
1.505687081859123921e+00
1.159538958273316434e+00
7.840059847758700240e-01
9.100629027057679510e-01
9.330799681563796133e-01
4.571443526736898022e-01
1.668417573151719013e+00
1.164503288965387462e+00
1.375286957773490526e+00
5.982335744957850698e-01
1.416170167491728638e+00
5.918557498113036219e-01
1.057476252520617166e-01
7.812291855125044204e-01
1.358935385627999537e+00
5.994700199302434029e-01
2.445314763652432499e-01
8.277425968092790853e-01
4.001311530526502347e-01
7.907000317543930734e-01
8.867282874842856710e-01
-3.610758052241070937e-01
1.530898020474463217e-01
-6.489407878820200315e-01
3.244244190111540971e-01
2.994963854849135299e-01
-8.375424080886143541e-01
8.767803792932737927e-01
-4.350549578667913808e-01
2.873346978321776948e-02
-7.556607811938818864e-02
3.073427247961692532e-01
3.872652281698230059e-01
-7.543841058993394633e-01
3.498039451280520185e-01
3.532218799598795256e-01
3.643827757940125700e-01
4.927541624636190831e-01
-6.016200930626340870e-01
1.037484772751331302e-01
-4.832953494847584963e-01
6.971438892399501874e-01
3.088515957449419064e-02
3.461336232352418274e-01
8.152704117806011119e-01
-1.894006882055451479e-01
7.657203973201786029e-01
1.770339203025653729e-01
2.637780988469002122e-02
-2.139871050255987839e-01
2.194587197347048005e-02
3.660012505485076839e-01
-1.785438645805589308e-01
-4.755880272503131279e-01
5.196378591647280443e-01
1.548784254442536583e-02
1.887847512745700340e-01
-3.750920622733283083e-01
-3.679010551012880104e-01
7.719853209440105668e-02
-2.682469184366489609e-02
9.805361112074989505e-01
2.614592907555253476e-02
3.885106559090849565e-01
1.929921050818396433e-01
-4.111800102579907801e-01
-4.412363796949123618e-01
1.974337458614111862e-01
6.311161603419278565e-01
-6.990037863126612183e-02
-1.085527487114572809e+00
1.245034199602992712e-02
2.562077803051471814e-01
-2.995373188546729959e-01
-3.151382760446283515e-01
3.622526264148234754e-01
4.245861970526529916e-01
1.989359122290355539e-02
4.683243954732654868e-01
3.648860798374145009e-01
6.259814869222272149e-01
-1.015104018697940425e-01
6.240944020023554001e-02
5.325410288039339468e-02
-7.241392012068741391e-01
-5.253065476364193048e-02
2.465020050949463457e-02
1.074833553408202746e+00
-7.034345479269423773e-01
-2.928663339355836448e-01
4.491104245278508822e-01
-2.236299871005883455e-01
3.712612201225326536e-01
1.051445879965050567e+00
3.656809243154165445e-01
6.485039678269605146e-01
1.339689996606811206e+00
1.823194280143378254e+00
6.528256307720696761e-01
5.041733348888088884e-01
9.263064778368439445e-01
1.201377730975337510e+00
2.996233904305389828e-02
1.139387102914673378e+00
1.265507596325758044e+00
1.117621445453022444e+00
8.219883891180510549e-01
2.130450433244631681e-01
1.058581901613346199e+00
1.330724999375366480e+00
-1.215656740999940810e-01
4.377466410525157614e-01
1.720024730584785999e-01
6.231192992803352704e-02
7.962247142019931445e-01
9.258403732168296596e-02
1.773134973218285504e-01
6.352382294325243928e-01
7.039423481602865573e-01
3.240561756785279579e-01
3.048710196470769129e-02
-1.081743666451076891e+00
5.019479428418184286e-01
1.179747933786203934e-01
-1.652115452532659512e-01
8.013364761328520824e-01
-4.628284927332182441e-01
7.333479856143411135e-01
-2.096695072123416423e-02
4.672670707130556211e-01
6.982710637217609539e-01
-3.197388649465320865e-01
2.084946604123885661e-01
5.454065687947974306e-01
1.209670621504231214e+00
4.787879761250738442e-01
-5.077026318217036094e-01
1.617819143611252952e-01
7.930352416411168281e-01
5.755589638556583842e-02
-9.112697968469123389e-01
8.671398541730706011e-01
-2.595600933638178565e-01
-7.900698728430132212e-01
-1.075773918370460935e-02
-5.143574233109143856e-01
4.914284662726877140e-01
-7.367081428562876066e-01
1.406683782068544053e-01
-1.921815431542172048e-01
-4.205044811473243604e-02
9.231271703116274499e-03
-5.814594131916470676e-01
3.236539098986419005e-01
1.355484750625967072e-01
5.485532725830932245e-03
-1.373724784502033391e-01
-4.237301411220144032e-01
-5.352608782800927223e-01
-9.106979029466252817e-02
1.901867627403963368e-01
3.708321809962922266e-01
6.137319752679017970e-01
-3.909670171376316561e-01
-5.454341420399748674e-01
1.774619514425632427e-01
-6.067535799442887873e-02
3.540220845630703828e-01
-4.301029793120304812e-02
5.733752443547479594e-01
-4.816588185317829951e-01
3.112709326213743966e-01
9.990713380486678785e-01
6.297350246083180947e-01
-5.339104502254627960e-01
9.354472369500767270e-02
1.098871137934712833e-01
-1.991354512123846288e-01
-1.672669646793683018e-01
-5.737635057163154029e-01
-3.663823411963838539e-01
-9.200490584713266751e-02
-1.194607118357070841e-01
7.863037897575263502e-01
3.425433863950602675e-01
4.518942462389202164e-01
-5.167476331195212103e-01
-5.796344600466220021e-01
4.878546518987167402e-01
1.443756019214093023e-01
-5.151260001991957438e-01
-3.099694471248986560e-01
-4.994395605655005399e-02
1.157294809271662839e+00
5.173726761266119745e-01
4.481784518712585985e-01
7.108025159661079950e-01
4.195711362800783606e-01
6.623298847354042174e-01
1.780537427975402709e-01
1.143097867347722119e+00
6.463853182550791665e-01
1.213680147078458393e+00
1.424629966618010668e-01
1.002975493646218297e+00
1.754882902051689619e+00
1.130410088641192967e+00
-1.470529459518798987e-02
9.700835886256442553e-02
8.995553533384205158e-01
-7.830045326186629850e-02
4.891754032022180287e-01
1.144935669348764229e+00
-3.162895012723297983e-01
7.141266646570842980e-01
-2.686669778872932679e-02
4.956670528422610911e-01
4.934823704793629418e-01
5.212928298276726657e-01
-6.445437863151084468e-01
-5.807355498429299656e-01
7.651670972751296873e-02
-7.794113824699369641e-02
-1.862448420377571523e-01
9.132278201529741013e-01
-6.189418196877922718e-01
-1.469150852501271698e-01
-4.015182265001208117e-01
1.166929050564640136e-01
-5.345914533048338191e-01
-1.678155808703622742e-01
-1.183126478703955042e+00
3.959968033308538526e-01
7.768401713949729670e-01
-5.636213288906677388e-01
4.733102378899683993e-01
-7.287786289573657816e-01
-2.070261780313037703e-01
2.800859554150512132e-01
1.147874965026575607e-02
-8.493121312639295706e-02
9.336587436384862632e-03
6.798974497189650412e-01
-6.780537003403616647e-02
3.844472812083055135e-01
-1.764006635140666635e-01
-3.169438545547633712e-01
1.176255267777671865e+00
-1.578047388088242020e-01
-7.727243803037638081e-02
5.644225347204087084e-01
3.777652452414907436e-01
-5.519283595948638599e-01
4.045798711520918189e-01
9.111337854706125228e-01
3.443628641252334255e-01
-1.079329434206831584e-01
-5.670983587574639495e-01
1.813933877348811174e-01
5.396442199340763246e-02
8.351591186756277541e-01
-1.073442829020812894e+00
-5.413920023590692576e-01
-5.114054063325579325e-01
4.281259351356220960e-02
-9.173200878265199698e-01
-2.664815147713745502e-01
2.134792535517246459e-01
-2.002095955524507698e-01
-8.545809325983193538e-01
-4.722263419114674510e-01
-3.091588453755874100e-01
-5.593154319991302525e-01
4.834213097625295052e-01
-8.930496262448875955e-01
-2.727375731198222186e-01
-7.193558638122744819e-02
1.015500507841070155e+00
-8.651979487124162871e-01
4.178930069650277912e-01
-6.647463689993207692e-02
-1.342487193477468754e-01
3.194395226954093725e-01
-4.420911905714303147e-01
3.715753136558026526e-01
-8.443549234084957167e-02
-1.805000948892478141e-01
-7.982782534078476655e-02
9.531620610958464745e-02
2.989619124400366701e-01
3.014792307169320562e-01
2.306429876189924066e-01
8.967659352951049545e-01
1.502202761669919895e-01
8.462323244173965975e-01
1.796610615103668707e-01
-4.893179769430077153e-01
1.284593774353721241e+00
1.622533786450970350e+00
1.926136033150277926e+00
6.190534171330324131e-01
6.462566769450543980e-01
6.735627069656238142e-01
8.658495803894408205e-01
1.030327129535919317e+00
6.544602483594352815e-01
-1.844940504582142093e-01
8.702690525071477001e-02
-2.082599494178384303e-01
3.328001549554614469e-01
1.537882750935593235e+00
1.184103067781550056e-01
1.037329460051025776e-01
4.809037648274818721e-01
6.032232798073282609e-01
8.548790191852241316e-01
1.843390920071652228e-01
-3.245280154540107209e-01
-3.101201910494015834e-01
-3.984299899850669846e-02
-5.620040062947039006e-02
5.346554369618762292e-01
3.645498120916860763e-01
-3.112313778039867418e-01
6.867180290696116574e-01
8.899694042957390083e-02
-1.975611341134170529e-01
-2.609686544368999828e-01
-1.453959033107049825e-01
2.466149438216987400e-01
8.749619901527341259e-01
-3.344881191376979923e-01
-5.314287380613993417e-01
-9.185502913303253969e-01
-6.137986992390823682e-01
-9.810881060271749998e-01
-3.276782977590440571e-01
9.894279609311623647e-02
3.906569486709350336e-01
-7.242857713789728757e-01
-1.284800546617257122e-01
-4.430658413620356950e-01
7.272766036348109475e-01
5.888528135994433033e-01
5.419500202470834971e-01
2.833865672685287329e-01
-8.481722012241869058e-01
-1.295779894590583792e-01
4.874612412945309448e-01
7.234619115232416853e-01
-1.556767812641182414e-01
-3.247231917298255745e-03
5.417627900034134303e-01
2.241647556970317590e-01
3.724380350357005542e-01
7.431328200120973504e-01
1.179852022660993427e+00
-3.898793867204723429e-01
-9.530121361998399321e-01
1.376452492593981669e-01
-7.033268307281950182e-01
-9.583565196737263425e-02
3.115386268099812339e-01
1.956080328740457119e-01
7.347957236058890729e-01
-2.962054111188379135e-01
-1.854225964527892456e-01
-7.210556367235994024e-01
-4.675872230793960416e-01
2.547287130121250187e-01
-3.150857213751445118e-01
-7.920191593644623218e-01
-2.485673000050273862e-01
-5.531887941118190932e-02
-1.158517902778352981e+00
2.487263361190211186e-01
3.586996867525381050e-01
2.232030240311162206e-01
7.695339155370799489e-01
-2.438667785179516045e-01
-6.691906097617426052e-01
-7.417310167591705250e-01
3.681545297650529736e-01
-4.272249675461097795e-01
2.242087209314298502e-01
-1.901634242162143773e-01
-2.514148820031585768e-02
-4.776458323143819573e-01
8.201658570721079844e-01
3.619278103703658100e-01
1.040308145371820148e+00
-2.485204324027642797e-01
1.467590297929303178e-01
2.548259366499053824e-01
1.793577395310174682e-01
7.013904215146870014e-01
1.429050593007790138e-01
5.483187820029826742e-01
7.348187757668872555e-01
6.944461718591607990e-01
4.154881115067678432e-01
8.703792751913066450e-01
7.310946383017342676e-01
1.594323535488442634e+00
5.052547840869883178e-01
4.060292695754230685e-01
6.882961271349310461e-01
1.263955870084789268e+00
6.017192784463144539e-01
1.336088394695256198e-02
6.705893882985947130e-01
1.104856492253508460e+00
7.736105386819873697e-01
-3.301977398040042422e-01
1.297251864656626674e+00
4.923194909750693293e-01
2.415237051574523064e-02
5.512594516821682777e-01
-1.088877843360574582e+00
-3.704392552892733781e-02
1.330216156541206840e-01
8.215721588536688547e-01
3.068589926759978659e-01
-3.923834163892771926e-03
-4.929837413742718111e-01
-4.947440469719499023e-01
5.961030511069611570e-01
8.261169864607651458e-01
-7.327689698121330197e-01
7.703819703974672528e-01
7.966498123827688363e-03
-4.873708289098099833e-01
-1.218827067386141771e-01
3.383781558497312991e-01
-4.723527469704001946e-01
-5.676368406549030243e-02
-9.597653494202686986e-01
8.288476837751125592e-02
7.307052869542529638e-01
3.771195134274848981e-01
-6.232031389967571666e-01
-1.902485442707002594e-01
9.045022635775974429e-01
7.063819612121345903e-01
4.523363009238526855e-01
-6.714357877863071922e-01
-2.569817670150259525e-01
-6.595207753872383005e-01
-1.551464488886195869e-01
-1.837960071604431977e-01
2.556229118523581367e-01
-1.729645197338623708e-01
3.077015832263884643e-01
8.087111237132612596e-01
-6.698295575253422618e-02
-5.211915263825974698e-01
3.188794657982965131e-01
-6.619629223677870877e-01
-1.053713092780984989e-01
-2.338166809801916213e-01
-3.754829120371961926e-01
1.164845914192890408e+00
-2.604075737912541211e-01
-3.068204106504048845e-01
-1.377671672233882205e+00
-7.390523402038386980e-01
4.820782674783195138e-02
4.633745091246431747e-01
3.861529221334530360e-01
-1.881423529282215124e-01
1.199140888577814090e+00
1.059395331736189494e+00
-3.660317985385149187e-01
-4.900516019617219832e-01
1.762671570259715104e-01
-6.963888177122361522e-01
-7.490785783503517425e-01
5.283874857010029125e-01
9.541153034152067836e-01
3.864531746572154036e-01
-9.618999456175231222e-02
4.350386268536904910e-01
-4.584417074113316115e-01
-1.060589437055809020e-01
5.991152331750948523e-01
-5.049474480112834535e-02
2.534156098759812736e-01
7.931744369327247135e-01
5.094107221114684003e-02
-5.917799363015277536e-02
7.604249569517467222e-01
7.928114215876664872e-01
8.440917753483445640e-01
5.970005358688396102e-01
-3.677951654930946557e-01
-3.557388114416679681e-01
4.205523803374939806e-01
1.015265275015282187e+00
6.759621229254674235e-01
8.519156240737874031e-01
9.445866388178230100e-01
8.819904170176535718e-01
5.192991060780391965e-01
2.873726498939885854e-01
1.129533000338632132e+00
1.132046112286668293e+00
2.907945055081151420e-01
2.478513012553457129e-01
6.143823792271440043e-01
7.667254791165568628e-01
2.001749464561059511e-01
-1.913125819196750399e-01
1.145425855765178413e+00
8.214463419098794184e-01
1.816701962577149665e-02
-3.724452428162288165e-01
4.937460190142293759e-01
-4.192472984047848072e-01
6.562688210607248163e-01
6.631210620251780652e-01
8.946214380355033136e-02
2.289490638950579804e-01
1.697109935174124229e-01
-8.946322284701422323e-01
-1.773250533182728905e-01
-6.206710153301708138e-02
-7.023304991014892584e-01
-8.710121367539127579e-01
6.504912575049862089e-02
-2.826326482590122424e-01
-1.401824869201669932e-01
2.850551510074411654e-01
-4.425445441866602825e-01
-1.156635567294846817e-01
4.651554655177709829e-01
-5.890046071479900780e-01
-8.103493306116447137e-01
6.790643490807366511e-01
-4.301695863050148949e-01
4.622694466353572396e-01
6.846852664318225923e-01
5.554479470915802963e-01
7.445346360558816601e-01
-9.312242134278010397e-01
-4.513028348126615352e-01
4.495244606596390802e-01
-6.782765136263531058e-01
-1.680993963058735052e-01
3.052436706190257976e-01
6.098804717322279904e-03
2.238264989818413153e-01
-5.064893676878707840e-01
8.037270869652750338e-02
-3.941791069739642994e-01
6.821556127539226688e-01
1.177587454645652620e+00
1.112171112851984417e-01
3.156807240882809201e-02
-4.963671247794955166e-01
3.912980824664651913e-01
3.987663931964033348e-01
2.842214616356574242e-01
4.706955851346266706e-01
2.552177365998773428e-01
2.892957044712039516e-01
-1.503922173599195333e-01
5.246614815988812630e-01
-6.232876353320309093e-01
2.024752521519842252e-01
-6.656913383235745219e-01
-4.787278217023615556e-01
1.018132152157041448e+00
-2.492607425959378620e-01
-1.703027427566503882e-01
3.339180955273979845e-01
-9.968749988641937287e-01
9.398351451724979988e-01
-6.250322612513513620e-01
-1.325727622245347903e-01
2.947306169022346212e-01
6.085829149395881321e-02
-1.396369936907549125e-01
6.923231566092610256e-01
9.736426445596756407e-01
2.707193186730652915e-02
2.464987663966674292e-01
3.925442379765786138e-01
8.834697862177459671e-01
2.791282588313253044e-01
5.801897050246140886e-01
-1.777210405858555275e-01
9.727153462792961780e-02
5.778802734180235046e-01
9.349863389081614073e-03
1.130286075137247215e+00
6.763900808570902923e-01
3.826215903678750752e-01
1.431732758413184481e+00
1.121378059036317598e+00
7.663978000710559568e-01
4.950915173936921154e-01
3.918882875839528879e-01
5.183352259308724452e-01
9.606629982741435869e-01
1.435189692889376589e+00
4.295765901855030933e-01
7.448546208518338485e-01
1.363212410711828193e+00
1.207987527228971514e+00
4.353298231036240029e-01
4.145591988609012568e-01
3.034696076208889259e-01
4.319903828038571536e-01
4.860164738067866974e-01
4.351152685334655490e-01
6.647326192271207912e-01
3.124293019817317441e-01
9.514849615738514566e-02
4.725932698035479884e-01
2.748749344875374701e-01
5.384773667970368383e-01
-8.324382556332632355e-02
-7.459931286261609618e-01
-4.293124277237312936e-01
1.222998295969813354e+00
4.816882955258820487e-01
-1.168236143686379874e-01
-4.113213449205657679e-01
-1.658814799772891091e-01
-5.675615924528940592e-01
2.387312513170576911e-01
-6.967088078965053000e-02
1.109323728705186252e+00
1.943823477731357607e-01
-2.656094861726166489e-01
1.936086121361294543e-01
-4.213670525998362004e-01
7.105265323329547078e-01
-4.178461796361820357e-01
8.763069263853834334e-02
-3.910343026341182582e-01
-6.540200172004489998e-01
6.013580662137941735e-01
1.084149365381527286e+00
3.361321628457030197e-01
2.671008767423312946e-01
-4.721943255549340135e-01
-5.752646709636984879e-01
5.062890862521089719e-02
9.579277050399109816e-01
8.294914976916990534e-01
-3.576904692551799991e-01
9.381442782779148004e-01
3.384171603730293243e-02
3.650112106058893136e-01
4.161174684382613065e-01
3.006736048988240539e-01
1.143228075724417592e-01
-8.295431699527765212e-02
-4.598312090159983323e-01
8.377386943295753730e-01
-6.367282068676619056e-02
5.638359081619511715e-01
-1.035905166613229206e-01
-2.004189179250537856e-01
9.892645071756148711e-01
1.359223339306134815e-01
-6.062703748472010323e-01
6.861719774662420335e-01
6.069844375678713488e-01
1.965048895327873024e-01
2.863946434453062961e-01
6.970616551785201176e-02
7.378814424414450457e-01
5.322845629694293867e-01
6.875225012658342516e-01
1.069487601686727046e-01
-2.214636785494458193e-01
1.646884286415930987e+00
1.284797883721647382e+00
2.618895471452375445e-01
1.532244848401100867e-01
-4.936951847085991330e-01
-6.251387862584121269e-01
-6.637283201716528414e-01
5.931146466239525239e-01
-3.193861206864344604e-01
1.401417587265482156e-01
-4.720052724301354030e-01
2.629860106425111477e-01
-1.329453962432225467e-01
-2.936344338714028113e-01
4.232277529608877153e-01
8.839805173960637585e-01
-1.091407731671555581e+00
2.055877656092703898e-01
1.669216669936214870e-01
3.761532538351555766e-01
1.616879386380992045e+00
6.931484104080454234e-01
5.933852002643734691e-01
1.366047112105979622e+00
5.334334686169351913e-01
1.008011057953188683e+00
1.920884654346544762e+00
1.388528164947615995e+00
5.223392789414303961e-01
1.535963290637143652e+00
6.663609553798922613e-01
1.288366505075980273e+00
1.039772626531489941e+00
2.461530664282753911e-01
8.783301082940732085e-01
2.170743213589935716e-01
7.570539468278283390e-01
1.527611595043431025e-01
1.303846063337439354e+00
1.700404525959671842e+00
-9.117949132287316294e-01
3.938216002074175770e-01
-7.489809710013244082e-02
-8.279389857572645450e-01
-4.069952601933156666e-01
1.001961869018429541e+00
-1.886744419468803224e-01
-1.567976521583945293e-01
-2.745739936393984393e-01
-6.646760292702044159e-01
1.138473033846105986e+00
-4.603366511997734889e-02
-5.293585692424098710e-01
4.310580406260479114e-01
-3.808715195170608858e-01
-1.484810557803645792e-01
7.937609502790125490e-03
1.054416222204294928e-01
-2.787096034234298192e-01
-3.458079212690504112e-01
2.268847586041521369e-01
5.647677672696628515e-02
-5.692938849549036284e-01
-6.951044610584994343e-01
-6.431707196890381617e-01
-9.315579891986240924e-01
-3.334080201178467040e-01
-2.525649036693446980e-01
-1.145529659660181332e-01
6.445067211239112748e-01
2.690704361512174514e-01
9.395408423955311505e-01
-5.871765020482558328e-02
-3.865419489419221200e-01
-4.650409282555114654e-01
-2.531864539886343746e-01
5.498470524091512157e-01
1.760786308206021000e-01
-8.687985946882488264e-01
-4.825939568245112277e-01
3.609525196435853789e-01
2.998176917302417532e-01
3.375822786030413525e-01
1.729982172662493323e+00
1.881396267474865769e-01
-4.140972666300946070e-01
3.555728954032373879e-01
4.457682363596055519e-01
-4.675620367929094190e-01
2.304292711896307466e-01
-7.750138185707972083e-01
-1.089672791986564304e+00
1.725945911586536929e-01
8.256031755373591241e-02
-3.444395529058624783e-01
3.908853959847667925e-01
8.332161589360437270e-02
-2.714009757867968387e-01
3.523196006943716263e-01
-5.256808032444435508e-01
-7.052583402021858072e-01
-6.256195289683844640e-01
5.482823155129825654e-01
-3.173185900704139084e-01
-5.953362501810948171e-01
-6.596188552577945119e-01
-5.031254693467335226e-01
-4.990587407133321163e-01
5.652539187342304761e-01
-4.571334379204896603e-01
-1.212752756334742055e-01
-9.507740342083618179e-01
-1.808713790019789158e-01
-3.236021269748649010e-01
4.746889615637833737e-02
3.942222549839620171e-01
5.634324153122201029e-01
-6.206729742647021375e-03
1.472582222664216012e+00
8.769640170674778412e-01
1.334242311162081140e+00
1.680104229862436682e+00
1.208004049710321937e+00
8.642145584274576464e-01
1.143213809263601721e+00
2.408652561474192710e-01
9.577471629488493177e-01
1.036855701672818153e+00
1.020463852409503325e+00
2.043924351339523326e+00
1.576277873698914700e-01
6.743881484998535125e-01
8.165945508321004187e-02
9.527290193859889733e-01
4.750209967389700805e-01
2.566177597177796699e-01
-3.566084233960465366e-01
-6.084493406836873897e-01
8.757876587904382948e-01
7.933962165873406081e-01
7.612452965383803560e-01
-4.399108143498842161e-01
5.057708354128354067e-01
-1.316916021443909901e-01
5.030240545319829559e-01
-2.590749463284561585e-02
3.587578031464467299e-01
-5.228515928568840954e-01
-2.940046026408892899e-01
-1.887711168843334841e-01
-8.542705859372208277e-01
-7.102008752837212224e-01
-9.176680814056417668e-02
-2.589956347455888430e-01
6.472528479824890546e-01
-3.220653133168195348e-01
-2.753959852348470960e-01
4.961199896258068898e-01
-1.010233763989823591e-01
7.194371517145040640e-01
-2.994084223486620511e-01
6.285764817018426598e-01
-3.469811075058752414e-01
-2.120010917503655223e-01
-7.229255994161642995e-01
-1.275887959481289968e-01
5.233290774578198690e-01
-8.259966448529619809e-01
2.241527147975435064e-01
-8.361098930875344726e-01
3.789945412023868476e-01
-3.225873605280800693e-01
-3.792357069407105707e-01
4.645221157958980274e-01
-4.508756247650242410e-01
-5.268857645366856746e-01
-3.322250286486162496e-01
-3.517279474283933616e-01
1.568752089282848539e-01
-8.842641231254183554e-01
2.832057745452242967e-02
2.743372450052696809e-01
1.081027420794211436e+00
-7.091779156875964718e-01
3.829606019304672149e-01
3.161016182780483352e-01
-1.274186129168305703e-01
1.093522986673353681e-02
1.205157110059491415e-01
-6.423918878243487507e-01
3.644705385353024917e-03
-4.142076348504414862e-01
-2.974535037018778971e-01
-5.622229942368049682e-02
-4.074740124224222604e-01
-1.003510568461159602e+00
-7.875656855798132128e-01
9.844407257947694612e-02
-2.073415079790363047e-01
-9.654851033680570405e-01
-5.355533232555735879e-01
9.345930876119531994e-02
4.289399675105906584e-01
6.599697052530373309e-01
2.371557562293154509e-01
-1.264431991851457937e-01
-1.037649782902934636e-01
-2.933223421224834815e-01
5.684891479078676424e-01
7.497868372475364751e-01
1.164286956045405441e+00
2.832752069990687183e-01
-4.163539374751292210e-01
-3.151992279689885823e-01
1.557802848204419943e+00
5.572057769200112753e-01
5.896487806339918425e-01
6.775725952233297988e-01
-7.799608147001113601e-02
1.189373811442942408e+00
1.745799514089514393e+00
1.045001564026035723e+00
1.332271836535024123e+00
1.766536526663941009e-01
1.468091092473231551e+00
1.325687558733604776e+00
2.100243980703464519e-02
1.433584201892025733e+00
4.824221707914974622e-01
9.944166013051414232e-02
1.106309470946353679e+00
8.651075165270727396e-01
2.136359102933232945e-01
2.227752486393906328e-01
7.430017609207399953e-01
-7.046358391347373740e-01
6.025603373125025808e-01
1.178146942191540480e+00
-7.558440605894511943e-01
6.138038605159468197e-01
-8.031989506794398048e-01
-1.804199306120736201e-01
-2.074079074239425502e-01
8.559732134007755344e-02
4.018632649608867569e-01
3.226338274710179865e-01
1.895100727112180861e-01
2.819799370202334399e-01
3.118580210496014749e-01
-1.604749715237429597e-01
-3.572318033212232846e-01
-1.129339498361717209e-01
3.351519661732796362e-01
-6.282294848803102738e-01
5.556777308871518883e-01
-7.902102917289699491e-01
-6.769068320610851508e-01
-3.237130335157374916e-01
3.954874538228386749e-01
-9.728052423810518157e-02
-1.212890467178902587e-01
-3.973156536443574471e-01
1.780307081386652557e-01
-3.459578102657892007e-01
1.655060660162586683e-01
-5.171551066057224200e-02
2.130177837258012408e-01
4.678747870551409616e-01
9.058856771785672723e-02
5.902595392609372160e-01
-5.312383141109140450e-01
-1.082521075871737543e-01
-9.376726392591294701e-01
3.208178888610022650e-01
1.162633104708998416e-01
3.333161606226689999e-01
-1.310296843858284495e-02
1.249269306450381478e+00
8.227534474417584898e-01
-6.011850726912740805e-01
-1.929990013741453847e-01
3.493646587740208420e-01
1.543369034970303311e-01
-6.399688077289447663e-02
-1.356559672469851985e-01
-2.757474219752732991e-01
-1.249119867034376996e-01
-3.462827286725926879e-01
2.986469719911600817e-01
1.872249554075062494e-01
-3.886702564656315806e-01
1.315782740113278504e-01
-1.210121567939123448e-03
5.454648005008692069e-01
-1.619834455342293936e-02
6.180809040333204440e-02
-1.383187467766297252e-01
-1.926682957164013166e-01
-7.524537343964586844e-01
5.814389006867209247e-02
-9.125422266555973660e-01
-1.338900554861429115e-01
5.512390702869394143e-01
2.273940738280130491e-01
3.911045463982765757e-01
3.591673824368935009e-02
3.886105394698404769e-01
2.569702434068783514e-01
-1.757063080269989364e-01
7.261664060520248709e-01
8.568688440081970725e-01
-4.160849347782196173e-01
-6.201472036977892510e-02
-4.398411008837560532e-01
-1.394493557135054462e-01
4.883073525024765882e-01
-5.013655973822301881e-01
6.524874613545370572e-01
-1.025471811509044651e+00
4.888937439283904118e-01
6.219719696301368589e-02
2.993930748231125594e-01
-2.632600766793790070e-01
2.496571554811471971e-01
3.281769515053960251e-02
