3.650537209150932050e+00
4.263001732559518864e+00
3.022379061399211864e+00
3.354452398805391145e+00
2.801823651965451134e+00
1.586921800270149729e+00
1.790944583459847195e+00
2.198669505432183424e+00
8.647136138120142812e-01
-3.915175474946330225e-01
7.245123318088735331e-01
2.804111178049637498e-01
-1.529359403476645785e+00
-1.802355144416778909e+00
-2.154269495947731983e+00
-2.140700253177001855e+00
-1.917970766250622239e+00
-2.101458594422488169e+00
-2.264479886575391898e+00
-1.128581546126954382e+00
-2.205944849708632027e+00
-1.331258428542444694e+00
-5.924484968097513127e-01
-1.503674228565617721e+00
2.931993641546932761e-01
-1.068100266089178074e+00
2.849097290203999044e-01
9.479056124719837939e-01
1.151019759943465726e+00
2.974236316503878541e+00
1.961799263938135418e+00
1.794608711389833688e+00
2.861617954406441733e+00
3.150330109098852915e+00
2.818740253999940659e+00
3.407748080582471584e+00
3.311780780602451735e+00
3.507529248851936732e+00
3.109103163825424065e+00
3.417613436661568471e+00
2.833887177471674512e+00
2.323157841999448525e+00
2.192124457068423293e+00
7.983545774475337975e-01
9.416890718025900942e-01
1.051053119225835442e+00
3.351986911626516075e-01
-2.842637871540790728e-01
-1.864351891494308022e+00
-1.547865629857020364e+00
-2.928428833012175048e+00
-2.414182815574824392e+00
-3.094916863766639548e+00
-2.671070933891784627e+00
-3.000431897577216400e+00
-3.127673357507781748e+00
-2.077236211886035466e+00
-3.454236510924255210e+00
-3.071605211367908872e+00
-2.449462934485754584e+00
-2.421084040834006856e+00
-2.362272459567729577e+00
-2.160240379687393020e+00
-1.644562431483805431e+00
-1.536803983199722001e+00
-7.472093578219002330e-01
-6.459521963771976960e-01
-2.704608134663749608e-01
5.538037895044318759e-01
1.763903058640817534e+00
1.580604066479179837e+00
1.362304092322050408e+00
1.428258941718209885e+00
2.848613078949461475e+00
2.037134462776295507e+00
2.272360121041165471e+00
1.331890282529030411e+00
1.153529348514335862e+00
2.303089370849902284e+00
2.203649711458909977e+00
9.291178283860409559e-01
8.996091113964649333e-01
4.838107750082862313e-01
6.244982660370498317e-01
-5.862097849156441276e-01
-3.226878144990563690e-01
-1.666230013517506547e+00
-1.986928667992638564e+00
-1.850495652997064422e+00
-2.971621895953772796e+00
-2.009737539707689535e+00
-2.841922068644915367e+00
-3.217895681154584686e+00
-3.836622691429047549e+00
-3.444861377290086235e+00
-2.259745580751458593e+00
-3.653299217904877771e+00
-2.919098213297103950e+00
-2.183264324466306139e+00
-2.930846270528483011e+00
-2.155529418162889677e+00
-1.612901102281903309e+00
-5.835772705240138691e-01
2.115222276792050327e-01
5.058394997183679465e-02
9.994472338177740056e-02
1.064270022982964470e+00
1.005065869525688438e+00
1.684848385193286058e+00
2.203944897744587461e+00
2.615070805300214740e+00
2.805445099410922349e+00
1.615322510366320241e+00
3.076444611070857427e+00
1.535170922215232103e+00
2.592731504994924663e+00
2.267000686051004799e+00
2.866820429199926412e+00
2.052364993587980191e+00
1.448133494459173498e+00
1.152866932035220504e+00
2.512268526348708342e+00
1.480780285187821566e+00
4.095788402777792436e-01
2.361094935333118705e-01
-8.030480726619279586e-02
-8.737405128622861561e-01
5.242078132017835568e-02
-8.317511665863405179e-01
-1.144591254379248912e+00
-7.231779313234028006e-01
-9.099183358994571424e-01
-9.846670121167184764e-01
-1.064166088128318366e+00
-9.826957159990155066e-01
-6.936942685002567277e-01
-8.905779472579765654e-01
2.193741211486761045e-01
-6.833240315699287137e-01
6.868991031552746929e-01
4.120074927881835491e-01
4.195391809870548938e-01
1.759245013319375328e+00
2.937910987063442114e+00
1.904700921206719411e+00
2.425181746888713352e+00
2.490660041215325471e+00
2.048201941153838579e+00
2.250583710652768410e+00
2.880947082896870182e+00
2.448556305189341753e+00
3.636656164276029113e+00
2.997263537835189950e+00
2.575701492783065039e+00
3.074778725682973501e+00
1.980880070179280139e+00
2.446663520595609320e+00
2.593741717029606875e+00
7.401750528012664976e-01
1.219320846034065653e+00
1.123477042364529055e+00
-1.993683191537634070e-01
6.559102865638182234e-01
-5.472018643852137876e-01
-7.014772821590595786e-01
-1.550279263061989488e+00
-2.975532427878799235e-01
-1.450000067645735635e+00
-1.222370932914788710e+00
-6.880146823728633398e-01
-1.481207757770140576e+00
-1.098543993366907001e+00
-9.637145758037888310e-01
-4.650972539562119312e-01
-7.634900962136281777e-01
-4.586113877545003881e-01
-6.925800752629918122e-01
-5.181324053568620025e-01
-1.150639341886701583e+00
-3.115335759998877352e-01
-2.592045694102191877e-01
1.012956609587467305e-01
-1.269406622669378981e-01
-2.867412614338304411e-01
-8.610049525939403869e-01
2.539080967397940314e-01
-5.470989014854893417e-01
6.087739733757807636e-01
-8.964119478796823970e-02
1.988578649831415635e-01
5.333974005265890161e-03
-3.916161798455281562e-01
-4.527153887353067008e-01
-1.517033990588747550e-01
-1.109511391086938081e+00
-1.303118971672287962e+00
-1.676935565928335370e+00
-1.371230258643438393e+00
-1.953462526862485449e+00
-8.156097409590332692e-01
-2.571863108215462379e+00
-2.377609845450120662e+00
-2.942163152666834591e+00
-1.250805695213079716e+00
-2.288487194001321168e+00
-1.975232581931091858e+00
-2.913403691884729252e+00
-2.328333153351215934e+00
-1.632745238340353344e+00
-2.208469325728843469e+00
-2.018983203478955879e+00
-1.809189938932254549e+00
-9.473998619141345001e-01
-7.177134586986527731e-01
-1.444714437624572856e+00
-1.440883228481935063e+00
-7.180454849601050071e-01
-5.961965640579578452e-01
-1.848273276948959598e-01
3.009159470494805477e-01
-3.956525364717192184e-02
-5.155496072003475788e-02
8.826260436352049987e-02
4.125726748866709315e-01
-5.605628725878128993e-01
-4.197504745119229330e-01
-1.573218028428755300e-01
1.023084245486590854e-01
-8.103885212411320316e-01
1.617878370715010727e-01
-2.129499360125466922e-01
2.232837882418375886e-02
6.015773874826313428e-02
-5.349135177080578396e-01
-1.052162565676658890e+00
1.002507120802725304e-01
-4.477314636757948607e-01
2.682474917948124982e-01
-5.592154146811121329e-01
4.390825471164506166e-01
-1.275828377332834107e-01
3.989520560007045469e-01
3.629593330427490216e-01
8.290558749852438014e-01
8.648111549003825171e-01
5.868861047676179332e-01
1.050497129789680351e+00
8.550562283445121148e-01
2.424411261231484982e+00
2.410913694330252710e+00
2.560816205892445296e+00
1.950824668070866519e+00
3.313148885083399442e+00
3.223199567696438450e+00
2.544730313848306391e+00
3.270031626988022300e+00
3.807330537443801788e+00
3.001861900648544967e+00
2.793244566001548357e+00
3.068811153842776918e+00
1.781829731385190074e+00
2.345717023881070062e+00
3.233437483326874862e+00
2.634889223065641328e+00
1.466977881707101306e+00
2.052952653730201860e+00
1.853019156574515325e+00
8.093048317202640174e-01
1.274573747973647642e+00
3.562297955460258514e-02
6.793780873644121865e-01
3.196850937657628733e-01
-2.405328947463868938e-01
-4.539160824127236871e-01
2.995875488165498091e-01
-1.647110165088548350e-01
-7.783164399789523902e-01
-5.495284596455374260e-02
1.301172053008220475e-01
-2.622356550499984063e-01
-3.079162959334258987e-01
8.111775785565459307e-01
-1.311903286842276140e-01
5.780384671572361133e-02
-7.429022766189552485e-02
-1.625116865514040221e-01
1.108548697212876410e+00
6.470176867395609488e-01
1.571994319436687215e+00
7.009996656230168544e-01
7.153826692332334591e-01
1.791189877045845646e+00
5.627835617027791004e-01
1.082154454987384939e+00
4.940871204250929516e-01
1.059383478984395888e+00
-1.386747424481393209e-01
9.418164850490410300e-01
-8.391200945445396187e-01
2.845587121632353611e-02
-1.023524509632258050e+00
-3.036134697137963911e+00
-1.282113542586206689e+00
-1.951243681819753828e+00
-2.436384626663907316e+00
-2.757729917225860916e+00
-3.452185655062804948e+00
-3.915587522383420449e+00
-3.867981005596744737e+00
-5.048150331771252830e+00
-4.123706589847682125e+00
-4.280151133835670585e+00
-4.680766842809780393e+00
-4.477158131756503678e+00
-4.502870032462423566e+00
-4.772489380310586782e+00
-3.815677679999398553e+00
-4.053280949290652302e+00
-2.385570723031289475e+00
-1.690451129935857999e+00
-2.496492306236874903e+00
-2.055608401131449270e+00
-5.348141263557986136e-01
-1.621042703277179253e+00
-6.362287432595716830e-01
-4.387703978781188896e-01
-3.156672215044039609e-01
1.031545802354323138e+00
3.496966909818675084e-01
1.319276445206769344e+00
8.090687441225339338e-01
1.315100052727314894e+00
1.315440005589300965e+00
1.360345505287510415e+00
7.629208683089293563e-01
1.040058688643264118e+00
1.471130011578900998e+00
1.317758461786935786e+00
5.713282739459885073e-01
5.034391863666015654e-01
4.036276731797266981e-02
1.234000024866644396e-01
-1.143998512208548313e+00
-4.818389560721519360e-01
-1.113563095397136493e+00
-1.878901110575722511e+00
-1.498740338880208300e+00
-1.199528395854137397e+00
-2.009012152396817630e+00
-1.121853999783736455e+00
-1.722639204674609736e+00
-1.531741756693416612e+00
-1.030077647421782983e+00
-9.555715423463930769e-01
7.015301678016999665e-02
6.499894102838207344e-01
1.684256596885980173e-01
1.399220177984522806e+00
2.492196696374932685e+00
2.770437203075153842e+00
3.144133484394199485e+00
3.513578653060022816e+00
3.314250937412547060e+00
4.200877985442281748e+00
4.388282611473956152e+00
4.776206638903828683e+00
6.252557025876279262e+00
4.920097187409529838e+00
5.070534444053232725e+00
4.977210367966515392e+00
6.129465718143356057e+00
5.953678597185472654e+00
4.976642252229395602e+00
4.916246173940403530e+00
4.180497123458008168e+00
3.726281142776153299e+00
3.288509511427117005e+00
2.628036174394313473e+00
1.184589015379322152e+00
1.760061616338652879e+00
6.759253858411016225e-01
7.971932587041196117e-01
-6.937870566744827050e-01
-1.108068194903105042e+00
-1.537655984958963051e+00
-1.001663026285922520e+00
-1.704767737020060459e+00
-2.148323021772486463e+00
-2.999089908184019215e+00
-2.474849513877350748e+00
-1.660827880997204797e+00
-2.353333076307277061e+00
-3.456701615552582485e+00
-1.660974980235511822e+00
-1.763917157085886478e+00
-1.899485239870328579e+00
-9.136641154730917869e-01
-8.746295243016933840e-01
-8.371423923763664510e-01
-5.021791908220513134e-01
-1.351497162342527592e-01
9.076389561084852176e-02
2.690147009226819819e-01
1.447002381119845360e+00
1.572056975909949195e+00
8.347116320321044114e-01
1.828910316562239569e+00
8.407112666487430719e-01
1.303183376477546895e+00
1.580736847091857911e+00
3.196066407792999553e-01
2.359172681790033810e-02
7.172261278560542186e-01
-1.444431879713298006e+00
-1.263651499886583096e+00
-1.340626979898426940e+00
-2.277312646457420264e+00
-3.044479680727086190e+00
-2.720848921363934636e+00
-3.916721206701424318e+00
-3.517033171602825803e+00
-4.770987368327753053e+00
-5.595370702670813934e+00
-4.038744993948036210e+00
-5.761797169517822503e+00
-5.264965901184089248e+00
-5.478300380497126199e+00
-5.493252959858288875e+00
-5.364852388266792893e+00
-5.569064857767121346e+00
-4.481760572852255819e+00
-4.273888394374544042e+00
-4.074164799679982352e+00
-4.700536533505903947e+00
-2.704033205062032152e+00
-1.659113432939904653e+00
-2.303238915995712954e+00
-1.847941677242367353e+00
-1.352756810672105514e-01
-2.102853820555841691e-02
1.229329371810829574e+00
1.096422337033705396e+00
1.650005566386375744e+00
3.057750241359276089e+00
2.686392713817495892e+00
3.164513534408242457e+00
2.791108582125291449e+00
2.180000875955628636e+00
1.770238836768037283e+00
3.007410226805335096e+00
3.173693880230274544e+00
1.644057633111125849e+00
1.761285284134500584e+00
2.374748014614227909e+00
1.084280649814340025e+00
1.541555099478905566e+00
1.134139477193853107e+00
-2.373199382357834564e-01
4.578698832233063509e-02
4.127816719868889622e-02
-3.861045096176868308e-02
3.294352213704472288e-01
-2.869138785410485504e-01
5.742073358142285588e-02
-7.254723750021302431e-01
-8.731031441503059876e-01
7.054973415478371646e-01
-5.089744103881833626e-01
2.517831494676194271e-01
-2.500311841134606472e-01
7.010711778759678436e-01
1.173788650300473080e+00
2.334933118970664800e+00
1.605526668888797914e+00
2.392232977401317129e+00
2.199445501336223519e+00
3.005756090731419583e+00
4.092984924542303560e+00
3.516618199214252449e+00
4.295770912494225158e+00
4.743557656438071923e+00
5.500335627560011709e+00
5.381319653388962010e+00
5.452208515567754432e+00
4.798147309877933253e+00
4.493559482987879328e+00
4.689214422198181076e+00
4.055977761287171468e+00
3.975364202294787486e+00
4.058990427845519555e+00
3.424039372380080160e+00
2.522770197352965038e+00
1.875548633068963467e+00
1.116965855693781373e+00
1.044237740200718800e+00
1.466961486684133176e+00
-8.332700345706391953e-01
-3.857288643519093396e-01
-9.056833355452706957e-01
-2.328137884789949208e+00
-1.523419210696466131e+00
-2.582332016743789982e+00
-2.624838766233741350e+00
-1.577388444444078219e+00
-2.291354771025553738e+00
-2.566359903425462274e+00
-2.178250718201703684e+00
-3.008082783415055417e+00
-2.896903168741698398e+00
-3.950598259695073278e+00
-2.426966017630848071e+00
-1.906577578500711745e+00
-2.594622197093108706e+00
-1.551556449613884059e+00
-9.087316141533181568e-01
-2.890497256209844101e-01
-4.941551412397329757e-01
-5.167666025733029800e-01
8.424564889207636353e-02
-7.258801943722672512e-01
-6.883382189402713625e-01
3.376798393963651446e-01
1.686740189536459211e-02
-2.902590020027364659e-01
-2.316161286635781691e-02
-1.008537168692808850e+00
-9.536373382049585512e-01
-4.741693867983766131e-01
-1.120869441425581758e+00
-1.610468542941979386e+00
-2.191321571591830164e+00
-2.605901017283782650e+00
-1.898760244983123791e+00
-2.964145754125723009e+00
-2.905932945999165185e+00
-2.466339055891704213e+00
-3.349679616706776386e+00
-3.773488117539931963e+00
-2.807412709055484790e+00
-3.794717868156694873e+00
-3.982887132449153711e+00
-3.245313820033556507e+00
-3.403528814977180517e+00
-3.215036982647106800e+00
-2.286078507751908795e+00
-2.613210076318166042e+00
-2.015321407351254646e+00
-1.699963936824476551e+00
-1.661474078998065096e+00
-1.465074147378170988e+00
-1.157319574640155002e+00
1.496380045573980633e-01
-3.678087245714357634e-01
4.143490799977258554e-01
-2.554480255698831082e-01
2.403574545340475543e-01
1.239992872707527338e+00
2.114668641642421854e+00
1.259499008619208604e+00
1.259998045867410266e+00
2.372001285918978297e+00
2.515237182465864585e+00
1.392937220028903411e+00
2.395462123425993628e+00
2.165422763103101111e+00
2.005805257126839436e+00
1.932588165955180903e+00
1.514307867384017126e+00
1.253593448445477598e+00
1.711761981851055436e+00
5.302806723046400439e-01
1.052198923363462324e+00
1.816393067671346895e+00
1.048020002494991720e+00
1.279821219686952727e+00
8.993867236141183108e-01
1.365761789105987223e+00
2.016705482568553087e+00
6.783649938634228604e-01
1.196698417828315764e+00
3.281841424422987652e-01
9.481118983741261275e-01
1.422559231207569663e+00
4.640792814159454549e-01
1.271769436745889159e+00
1.795820736399880380e+00
2.233010210365331538e+00
1.907370084982317859e+00
2.106795212038648391e+00
3.163792018822942254e+00
2.079065044216041436e+00
2.155739515831150310e+00
1.997061951349242026e+00
1.537165386876748308e+00
3.335906683961887165e+00
2.602423612744174442e+00
1.291669060437459660e+00
1.573342176689981109e+00
1.454872020382376396e+00
1.918667476431340058e+00
1.558914985906075801e+00
2.383627499018259766e+00
7.863082703244121952e-01
1.191033540082030440e+00
5.302016659361681317e-01
5.213508043964312222e-01
-1.883211558456640289e-01
-2.764784939572246247e-01
-6.671204262078637148e-01
1.328565620010150328e-01
-5.631917761997743410e-01
-1.245140462339080489e-01
-1.154841021230403442e+00
-4.646288167147377690e-01
-1.214792694619124092e+00
-2.806858852361335810e-01
-1.373618903893061960e+00
-3.420022799735171759e-01
1.048700659795231971e-01
-4.966421909941540203e-01
-1.067078667853867957e+00
-7.589082900036909773e-01
-2.401587878998036052e-01
-1.078402472332951056e+00
-5.046233995035634967e-01
-5.835102913409131453e-01
-2.314915928660196687e-01
-4.265851395441738747e-02
-7.043417260517884637e-01
-6.598808383122485299e-01
-4.989881215881336596e-01
-1.272829126050914805e+00
6.499676427445832960e-02
-9.070159183240481537e-01
-1.398979609392514867e+00
-8.125089002840392149e-01
-8.465866776689439099e-01
-1.427009058853193402e+00
-1.838947881695768061e+00
-2.139187504845737386e+00
-2.125125408270247984e+00
-1.481175530146540575e+00
-2.495084995771932324e+00
-2.232385392872179519e+00
-3.764613620011048933e+00
-2.992144306904179984e+00
-1.307105127564819780e+00
-2.939201880452593230e+00
-3.202805315862188085e+00
-2.739537895931966727e+00
-1.540075834890809459e+00
-1.451287258250012924e+00
-1.591566011466157837e+00
-1.164064319295763372e+00
-8.736427125991046427e-01
4.535148049156501049e-02
-3.190510700050255277e-01
-3.552391271562051200e-02
4.625857890815008311e-01
1.024302658865604343e+00
9.231505962051035352e-01
1.052254753560351475e+00
1.440015021629412306e+00
1.522144066437449261e+00
4.284744515276972532e-01
1.780921019004468864e+00
1.793655167868568157e+00
1.262669903545044603e+00
8.783374262096897978e-01
7.135867693007116319e-01
2.008214486965285595e+00
1.529027213851213096e+00
-6.780635482682795256e-02
1.618754320654530288e+00
-2.426493200658227933e-02
2.471093019432735183e-01
-1.115683655652324857e+00
-6.536940765591258140e-01
-1.093799388082445923e+00
-5.584241626935071423e-01
-1.661963465559196607e+00
-8.799485264529072204e-01
-6.314737859963799327e-01
-9.085091402812582873e-01
-8.278516706281516813e-01
-8.454017656640362421e-01
-1.870240376363569546e+00
-2.919541348839299610e-01
3.252817757370160545e-02
-6.422807565376842387e-01
-2.951984709647297311e-01
-2.638434389673751657e-01
1.299610050283697138e+00
1.718632003545261355e+00
2.519425936219668927e+00
1.511780889958820762e+00
2.910225286847446302e+00
3.434604599669921488e+00
3.799810557275733913e+00
2.645828684592794744e+00
3.645335639950957773e+00
3.101100695685153674e+00
3.071847827918106510e+00
3.020788815201383315e+00
2.588218991328429919e+00
2.599968336467849639e+00
2.771837282820548864e+00
2.128013168185705073e+00
1.515008389014441459e+00
2.035896443150933877e+00
1.337506961586977017e+00
7.239509743213169424e-01
6.501731390889757822e-01
6.546943678212302498e-01
-9.135502302122180396e-01
-3.528888850322331461e-02
-8.436202757553770137e-01
-1.689723851397235466e+00
-1.663340702333534482e+00
-1.556427641235797354e+00
-1.894699988042436889e+00
-2.769349312411241382e+00
-1.468732141770794808e+00
-2.313801514829957107e+00
-1.773059737247755896e+00
-7.315586849674036163e-01
-2.249899798711481047e+00
-1.726550916646076850e+00
-2.070717260290252604e+00
-1.192727452953644462e+00
3.768254062763704004e-01
8.793229046393886694e-01
-8.191120060613066300e-03
8.397946173983905638e-02
1.096747230699479880e+00
1.375508132749330370e+00
1.171981531007874278e+00
2.049928341613308724e+00
1.264513064235625039e+00
2.413294301756719662e+00
2.855987603556058296e+00
2.732271370704788094e+00
3.091638354160130220e+00
2.081943767475639362e+00
1.130555672713347892e+00
1.274573779464170276e+00
1.086383624204023679e+00
1.314243997847278855e+00
-5.520253982297051998e-01
-4.691321262483860721e-02
-2.477797303698009213e+00
-1.988818638078357459e+00
-2.247805559844632928e+00
-2.495380992121084329e+00
-3.190126771863655897e+00
-2.813559173029335447e+00
-3.420862938705357070e+00
-3.658522880536386523e+00
-3.578799093667113684e+00
-4.513275944804126638e+00
-3.211696040878167402e+00
-3.692921843022493711e+00
-4.202713862566175074e+00
-3.370312502219336981e+00
-2.273427900661945777e+00
-2.568418156870670099e+00
-2.816061520227468584e+00
-1.804421342689892738e+00
-1.241264319464273402e+00
-7.145529507284736903e-01
-6.198025878932886812e-01
-3.719826014534036163e-01
7.443274821305563282e-01
1.288516359668181011e+00
1.202372001124589085e+00
1.774553690416848850e+00
2.633306902831279661e+00
2.788968621449728236e+00
2.457922464119833172e+00
3.187660931988638424e+00
2.681540824667499212e+00
2.877560645603642886e+00
2.476951650110231995e+00
1.735757373172721607e+00
2.269885942233414333e+00
6.134272998549142875e-01
1.166737149205774871e-01
-3.741174558522095683e-01
-8.880547305729105112e-01
-6.299538497569421303e-01
-1.113583504621857401e+00
-1.027988458448347853e+00
-2.165948388665219326e+00
-1.872769120628204220e+00
-2.407344220276408819e+00
-2.870333198863319168e+00
-4.222405722367144065e+00
-3.000152395566434649e+00
-3.170930589354475693e+00
-2.761406276335263144e+00
-2.828594840865993554e+00
-1.900201262430813554e+00
-1.266468697261331933e+00
-2.289585282874174954e+00
-1.197979477564109052e+00
-1.210033729356787102e+00
-8.917967590700071057e-01
3.459895573880675812e-01
1.276705241059377105e+00
1.352054117588731286e+00
2.137446095120347778e+00
2.325040324296454131e+00
2.875017943762211203e+00
3.076185136220924488e+00
4.215425624137706606e+00
3.341062778022830138e+00
4.161661731615291515e+00
4.351369611244345847e+00
3.627719299912408601e+00
2.969460445742706067e+00
3.599408794168850623e+00
3.243131953415084645e+00
2.780933924029469928e+00
2.662891524082979355e+00
8.913426241553874529e-01
1.549088426482191361e+00
1.716422165523753707e+00
3.979752051528651635e-01
-7.368352607563494194e-01
-3.477844151827141905e-01
-6.983229146286651368e-02
-4.805649189307107938e-01
-1.680838840907725285e+00
-1.499476214866483748e+00
-2.182353874692498419e+00
-1.501699043502501052e+00
-2.330017462990224608e+00
-2.806414392741203301e+00
-2.026485323897095459e+00
-1.702286946134224488e+00
-1.265476309261896359e+00
-7.390006731944152030e-01
-4.908299862252664125e-01
1.155575170969493914e-01
-7.686553449779436331e-01
1.025491532889350133e+00
1.332248916816264783e+00
2.164743987758384947e+00
2.270009490722318723e+00
1.870408673456031234e+00
2.874613951466817419e+00
3.384785172396928665e+00
3.437445561818719852e+00
3.405862707579977222e+00
3.013190769297680482e+00
3.100276900460963603e+00
3.027836699191609693e+00
1.885078590998280124e+00
3.121182162757186074e+00
1.864969487896353195e+00
2.231704186305573767e+00
2.566246129008001642e+00
1.026061399671187147e+00
9.480028836742568910e-01
1.268051462238272975e-01
-8.966780070993054519e-01
-1.000035616056160093e+00
-1.106822055267628668e+00
-1.608951125387946268e+00
-2.624268035833549284e+00
-1.872566931353710329e+00
-3.267873654762796676e+00
-3.973340252537024497e+00
-3.447362230055062593e+00
-3.851480382572003869e+00
-4.443353975905694142e+00
-3.572292607084218918e+00
-3.403239314138117422e+00
-4.020442760517284775e+00
-3.764644089653470971e+00
-2.818257168825312409e+00
-3.665380697223167061e+00
-2.137941941047502237e+00
-1.807934573032113468e+00
-2.030896206447815544e+00
-8.061371987233896252e-01
-5.657388424767874069e-01
-3.968887220712066233e-01
-5.513127560896355916e-01
1.134324655628047740e+00
5.142962319809033511e-01
1.077076726952703289e+00
8.211505722674412588e-01
-2.583513782069779552e-02
1.089852727229619678e+00
1.237686779853647945e+00
8.899906990004941010e-01
-5.320813538440882784e-03
-1.398105709110140094e-01
-2.615371617338925203e-01
-1.664233929992473826e-01
-8.260255590187406405e-01
-1.082077979712562810e+00
-1.380092388714381446e+00
-1.698484308814205201e+00
-2.628891127938458805e+00
-2.258067682355427319e+00
-2.079371487955000930e+00
-2.291582901177816378e+00
-2.091868069242971195e+00
-2.433087047458006857e+00
-1.722764743303444535e+00
-3.235364288378939968e+00
-2.485985022421948631e+00
-1.874597313564406287e+00
-1.737501431476022873e+00
-1.410201461366744402e+00
-1.402973820926839643e+00
-1.221074436496880855e+00
-7.518250495493457031e-01
-5.790346317756684957e-01
9.620158734771883102e-01
1.081991479927159938e+00
2.263802628965870589e+00
1.680491783593615729e+00
1.237969191211552911e+00
2.864072802168090348e+00
2.102854288029488039e+00
2.573521614226236043e+00
2.668252367812335990e+00
2.622563375663514051e+00
3.423042151518400189e+00
3.493216799460578059e+00
2.606711799710427435e+00
3.386868938066902146e+00
2.823670594519177346e+00
2.526932948782481425e+00
2.996674938672820865e+00
2.687709700808726065e+00
2.615204766968746597e+00
1.699958109998206179e+00
2.445791209654171183e+00
1.445312575247512443e+00
9.575057273695206650e-01
1.406595639756618610e+00
1.307409697384053882e+00
5.845636884473721651e-01
1.263626208582316668e+00
6.234061780783184403e-01
8.081533120949124793e-01
5.202276649231313277e-01
1.096728577890958789e+00
5.294855995357047318e-01
1.006207250131132547e+00
1.185190065794202940e+00
3.501834122834936447e-01
6.124390942186147546e-01
-3.230678284003585254e-02
2.586267661791953332e-01
1.951151661931410652e+00
1.314906298995131007e+00
1.034403485846639326e+00
9.968755592883734584e-01
1.079961279872876601e+00
1.740981487046236786e+00
1.550581776399314382e+00
1.854876997686946138e+00
1.120891383317968781e+00
1.983334374471392270e+00
1.329607477636000290e+00
1.186480161511755060e+00
1.648440763619268834e-01
2.928035460136207968e-02
3.934741355310831246e-01
-9.879417437774419275e-01
9.523368852180216226e-01
-8.610360499757307995e-01
-1.028006974167878784e+00
-1.612947388414348593e+00
-7.221657165774210130e-01
-1.026535798842024061e+00
-1.616246922178727008e+00
-1.642080085121094823e+00
-1.663237773133687369e+00
-1.548316689422192027e+00
-2.560415355688770767e+00
-1.832593687425956519e+00
-2.324377626045705636e+00
-3.156004034513154366e+00
-2.636315368536062298e+00
-3.035096913715268130e+00
-2.579862657080763011e+00
-2.656290145648481538e+00
-2.483613393569006789e+00
-2.955796245514515697e+00
-2.400064705972864587e+00
-2.731777338424924206e+00
-1.045633054050258970e+00
-1.338943378012902974e+00
-7.114231976911810085e-01
-1.350482369827684881e+00
-1.363793671249976747e+00
-1.504527888195818841e+00
-2.034931949340997193e+00
-1.765802448386837309e+00
-1.749061052546472705e+00
-1.546685342499479310e+00
-1.390804306411034696e+00
-1.767609095694347543e+00
-1.454358539549090557e+00
-1.512280938924600582e+00
-2.499508531037819559e+00
-3.117681157332925501e+00
-1.939718685522611397e+00
-1.199244286832141793e+00
-2.450149757954693364e+00
-1.516712973499383610e+00
-1.708413919518337876e+00
-2.098326617349659529e+00
-1.804522886014571004e+00
-1.874296367937576813e+00
-1.342561536072713002e+00
-1.491991334646576739e+00
-6.302544469997941601e-01
-2.470302849652588062e-01
-2.255005060871317357e-01
9.825904354641642469e-01
1.708031375078403746e-01
4.781313466860903638e-02
9.323989564647042760e-01
1.213567825163003766e+00
2.017390056431433099e+00
1.616159428291740419e+00
1.845019804902714888e+00
2.053677824905161931e+00
3.322955310233087101e+00
4.022986532095415235e+00
3.511111494118089649e+00
4.238483725153816550e+00
3.409464707172257025e+00
2.458641790171444352e+00
2.899995311442519874e+00
2.937196767088909422e+00
2.843488908671094606e+00
1.983216580551860675e+00
2.259922656550001463e+00
2.022001458449008915e+00
1.798161242683282257e+00
1.012651577921868551e+00
2.321359214633828660e+00
1.244991526852698094e+00
4.465271791237812593e-01
1.115681877165964897e+00
4.863451742191661209e-01
3.459877624502771809e-01
1.612533358921217186e+00
6.870243646621697620e-01
1.672900718046123281e+00
1.062120382435138177e+00
1.593714787970224478e+00
1.490384671757539747e+00
4.444151145149533022e-01
2.191632932053340532e+00
1.782159483477169903e+00
1.874354425278095038e+00
2.287525151008542146e+00
3.142986698477683305e+00
2.823855081945511269e+00
3.137918310018387835e+00
2.440683730456650657e+00
2.532349102723676193e+00
2.104289647395066964e+00
1.861890178103859039e+00
2.377522540226504777e+00
2.123250766491719954e+00
1.522211038834226704e+00
1.316162115573590308e+00
1.274393757694999518e+00
1.604588962027518217e+00
2.285330313486189091e-02
4.420250956035410295e-01
-3.934728444739044040e-01
-2.417795110795030733e-01
-7.865133708390408263e-01
-1.568194405646183398e+00
-2.650376497100181972e+00
-2.862642660986039367e+00
-3.463143475873316834e+00
-3.411573615964421879e+00
-2.992964265402948243e+00
-3.964682563803413551e+00
-3.554520604149868035e+00
-3.922698854389452983e+00
-5.310305541201156387e+00
-3.767966818958829567e+00
-3.752056034375934157e+00
-5.000552696419748422e+00
-2.929783899712942397e+00
-3.340701700908159655e+00
-4.188271520587907304e+00
-3.184949443950895187e+00
-2.858563005497060328e+00
-2.187458577376055757e+00
-2.417874402893692043e+00
-5.713179212821063446e-01
-7.716318191055003828e-01
-1.141158967548794534e+00
-5.855608347407138536e-01
-2.404994141731870705e-01
1.169754873624770375e-01
-6.230613366940106479e-01
-4.294278514376712041e-02
-6.812094807404631136e-02
-3.855568535637537986e-01
5.031450347779542476e-01
-1.079459109749126178e+00
-2.617510951087009818e-01
-2.723617027600375717e-01
-1.187321512393449963e+00
-1.275484703059742042e+00
-1.845356049521548858e+00
-2.034680025449874918e+00
-2.650502433479497100e+00
-2.163675519549333348e+00
-1.529056444158541694e+00
-3.367276223259946910e+00
-3.794593172691755889e+00
-3.538266363155509353e+00
-3.273297064254730326e+00
-3.272993073683034382e+00
-3.533539262169535622e+00
-2.924452322762963075e+00
-2.483175868194754443e+00
-2.186171645049493684e+00
-2.492888818259420436e+00
-9.468753799756922662e-01
-1.234124352186095397e+00
-2.520397315464176780e-01
9.375395607215243343e-01
7.673755426525262768e-01
1.919437564779185257e+00
1.727759729981445114e+00
4.085703929294642656e+00
2.232436200663771242e+00
3.768849091388527750e+00
4.817263567943381730e+00
4.197697493809767977e+00
5.367434672813375940e+00
4.493172679955681481e+00
5.480034290389733442e+00
4.851747221074019123e+00
5.225190692761110256e+00
4.708912301665878708e+00
5.028148445625914675e+00
4.648711725125974858e+00
3.427291720225527971e+00
2.953803438223904010e+00
2.787536866916869194e+00
3.024644337709653019e+00
1.946635052305179636e+00
2.057111591302870135e+00
6.197479976220719999e-01
8.338132498042616358e-02
9.665246922942066776e-01
7.194785323628222207e-01
1.078768938924810072e-01
-5.239834015808358947e-01
-6.918209722235686421e-01
-1.170682449030808536e+00
-2.013196270992830605e+00
-1.183882831972542071e+00
-2.349389358772309144e+00
-4.598968674196807216e-01
-6.850260250372772752e-01
3.082740218358539508e-01
1.919684276643983667e-01
2.534611801504146888e-01
1.042572137840400703e-01
1.531169115263283365e+00
9.443282951987682639e-01
1.359420983275565042e+00
2.708163696167271262e+00
2.129835826541826460e+00
2.266906275659564596e+00
2.013030900852691207e+00
2.293861348120344701e+00
3.455923655809254313e+00
2.933034298680971652e+00
3.023916984273097519e+00
2.527570902036876621e+00
2.955598160008507946e+00
2.117194323101921682e+00
1.628941109969217482e+00
1.573683991883627620e+00
1.091952074785065285e+00
-3.271184993180842326e-01
2.538282889335741199e-01
-1.269531104562697132e+00
-5.928651600257952570e-01
-2.351992615642469975e+00
-2.845390821021683614e+00
-2.822807389874522954e+00
-4.299087263842627848e+00
-4.289215657080985622e+00
-5.375152032986532546e+00
-4.714145073918468931e+00
-4.828093578613897208e+00
-4.759472688975735721e+00
-4.997354466717201404e+00
-6.350487963373792510e+00
-5.305604349617406790e+00
-3.618646441608227349e+00
-4.034521399826139998e+00
-4.095707159345179704e+00
-3.640829566676512918e+00
-3.762616813742106103e+00
-2.693718554871988413e+00
-2.813652420229933782e+00
-1.588316640922494027e+00
-8.296816052639085504e-01
-3.412132955786149613e-01
-3.623905512727068623e-02
-3.575490777357434036e-01
8.419877447637452716e-01
7.980536822476222980e-01
2.208830953979301626e+00
1.784576313864179253e+00
1.721958138536609617e+00
1.284916251554732547e+00
1.662828687799883687e+00
8.163214465657566699e-01
9.454002498472792171e-01
6.494091665409618130e-01
-1.889409824686791306e-01
-4.032039916976194460e-01
-9.761476595908635812e-02
-6.641318888537804943e-01
-7.511784503227652010e-01
-1.532192631903800839e+00
-1.505225843243187533e+00
-1.878022062492413990e+00
-2.316612249707568960e+00
-1.847274282586365057e+00
-3.545944512780923485e+00
-1.906767896122046668e+00
-9.000042154850242948e-01
-2.348460680796018885e+00
-2.031432825204164239e+00
-1.945419761258347036e+00
-1.734068341153363058e+00
5.444165624077901278e-02
-1.048329121991098845e+00
9.810940793612907274e-02
2.043175410206413412e-01
4.008197736700955804e-01
1.355093369582544893e+00
2.140131681135020614e+00
2.787009542899395065e+00
2.905076529832305354e+00
2.769609112432316778e+00
3.190967700230666004e+00
4.611599244634100536e+00
4.142164067931987326e+00
4.644246942808888612e+00
3.823445593103984130e+00
4.990553706008910240e+00
4.035655649172286807e+00
4.626688236563161638e+00
4.256364115001648685e+00
3.343035949577238597e+00
2.853728049550531942e+00
3.810491029258066931e+00
2.785605076749457787e+00
1.587115091345734808e+00
1.743870563182449818e+00
1.812197308825361786e+00
1.900266234569163437e-01
1.105054147508787166e+00
-2.402191617555303749e-01
-7.231323436888799083e-01
-8.019104968576244996e-01
-9.632575130586196188e-01
-6.383058830890938617e-01
-4.425340931837569158e-01
-1.134339031193896785e+00
-1.455117954145537018e+00
-5.037254787414457979e-04
-9.423952081008186710e-01
-1.602240553356280905e+00
-7.874554625312431000e-01
-1.268674010896730930e+00
-7.088972963368780356e-01
-4.647079297375723561e-01
3.132126177656461286e-01
2.709220199389962835e-01
4.957675071090503760e-01
1.751785777626091001e+00
1.423523028355947684e+00
1.177113851538676759e+00
1.787170348915490425e+00
1.320129478208911911e+00
1.357471783103611607e+00
2.032385861731152321e+00
1.222751068759566406e+00
1.494807147004764802e+00
1.383463811636801655e+00
1.823723244990665959e-01
9.636556583167749102e-01
6.540878342233109599e-01
-1.461315477440013749e-02
-5.028835070622820203e-01
-1.791984377053033928e+00
-1.595667608981445218e+00
-1.174797592047132522e+00
-1.631742006658650546e+00
-5.179640611926816796e-01
-2.345818653085996353e+00
-2.708572571830178077e+00
-2.745072100678109361e+00
-3.121573346994679365e+00
-2.022299491836023311e+00
-3.145820210378988513e+00
-3.854617096341801386e+00
-3.164386613083482569e+00
-3.300632280622715076e+00
-3.000656670147240135e+00
-2.372360232729532559e+00
-1.749228927840222880e+00
-2.192061008489898821e+00
-2.884061633442185801e+00
-1.325598046719746792e+00
-1.675949803822401885e+00
-7.889470373957556681e-01
-3.298840117794513138e-01
2.398201492606917284e-01
-1.187009857598391172e-01
3.988393477254062458e-01
3.658617109500704734e-01
7.421121100701721929e-01
7.413541155699590046e-01
5.313973412450636591e-01
1.726262023635347087e-01
1.102043743044158308e+00
4.151606407418069189e-01
-3.612301487857301208e-01
4.769226070927068406e-01
2.215207190332156850e-01
8.732557469461310617e-01
-2.247747384156345285e-01
2.956429550439654275e-01
-8.917332704581810709e-01
3.319233600064682710e-01
-1.201268098892202207e+00
1.616412170197546461e-01
-1.009457865359748130e+00
-8.850252734882710914e-01
-6.822468375339137969e-01
-8.130186646911801152e-01
-1.196826652696525217e+00
-2.746607799861526256e-01
-1.281456474131539292e-01
-2.120379732730814093e-01
-3.522503043984114290e-01
-4.342396834229511060e-01
3.666015485642336036e-01
1.631854344399919499e-01
6.086443195803170614e-01
1.888376532376331074e+00
8.079704892173844577e-01
1.045871826312434250e+00
1.219079946627019018e+00
2.639959143764612826e+00
1.215578178395371411e+00
1.216007857872555054e+00
7.729597909840222325e-01
1.358900951195761930e+00
1.770659313762839471e+00
1.943027788640892206e+00
1.389309635045268942e+00
5.968858788853138586e-01
2.018549125317698589e+00
1.286176106408098985e+00
8.925298341185747830e-01
1.265789955830087132e+00
8.211762359712838633e-01
1.029808870254367958e+00
3.652595049619964396e-01
1.431971757326208627e-01
3.213740404197736322e-01
1.424365394845968469e+00
2.242042407034574025e-01
2.790273305001312876e-01
4.147112284819949868e-01
-5.310194801897959449e-01
2.326369103442373076e-01
-2.390413518411315663e-01
2.058033243790905242e+00
2.276277183275289551e-01
2.387798681984177052e-01
7.461194955038401577e-01
-3.136706897130009386e-01
7.446289805234493908e-01
1.369512886354278702e+00
1.801053797492809139e+00
1.138428952017342510e+00
4.510057470545141278e-01
1.328123120305422233e-01
1.762679021499159449e+00
1.354070528499516035e+00
1.324965569833259860e+00
9.961132059389121718e-01
7.845490368255714220e-01
6.371418627196345774e-01
1.654974272531844814e+00
7.433117869094990615e-01
1.797546925853676703e+00
4.743840479902617369e-01
-8.433167668939549610e-01
-2.149187416904098091e-01
-4.359101971719336333e-01
-5.574512513505309741e-01
-4.327582105852399441e-01
-6.911622380398489973e-01
-4.052900682969130530e-01
-1.069664746741841421e+00
-1.844753619736424266e+00
-1.767460042877541770e+00
-7.919549384266002523e-01
-9.881831144214590079e-01
-2.180360944723954475e+00
-1.414296236729340128e+00
-1.537129787171804374e+00
-1.590805211787328144e+00
-1.039805342270630817e+00
-5.237174480069830551e-01
-1.486848350121160678e+00
2.835478513141524992e-01
5.722790257718385343e-02
1.074237897701289801e-01
-4.419892173442581118e-01
8.873476741045338567e-01
9.906545052830382225e-01
-2.267697617323630732e-01
2.764483759137078556e-01
2.043683720230790701e+00
1.322403658808071203e+00
3.972350464531025360e-01
2.755858567686127469e-01
2.457853688101697687e-01
5.148078391974922896e-01
-7.959112906739485016e-02
6.984746169329897336e-03
-5.760928487858664182e-01
-1.531446174704547136e+00
-9.906126489733624307e-01
-2.080757367076037312e+00
-1.364291367443437597e+00
-1.968045987988587653e+00
-2.824867241539529505e+00
-2.295270483049237864e+00
-3.269002043666855872e+00
-1.881076732311071531e+00
-3.052992531255794173e+00
-2.899798919865715696e+00
-2.897628451550902540e+00
-2.565186137186385995e+00
-3.090354854503831739e+00
-2.200592010582646640e+00
-2.715109876801492295e+00
-2.156234287101215230e+00
-1.757652467376351613e+00
-9.333326056676142235e-01
-8.876428288220716833e-01
3.764626350386721665e-01
-5.283770725682661595e-01
1.057919835893525562e+00
1.490366613411262753e+00
1.960324936666939522e-01
2.098663784336100679e+00
1.562769893002359467e+00
1.399016540253707586e+00
1.851090346312100676e+00
1.756980671516460202e+00
2.119655246753120004e+00
2.195276845421351375e+00
1.693259148277979964e+00
2.099968086953362345e+00
1.871871937091598381e+00
8.435834039638487880e-01
1.028571955993754949e+00
9.122431639393608904e-01
6.239294228307434853e-02
3.698440248115735796e-01
-4.932400044437177389e-01
-3.373277718735213648e-01
-1.437084058357741778e+00
-9.914573449218713197e-01
-2.063349120033979744e+00
-1.991097705564376596e+00
-2.419820109788087592e+00
-4.372384606146983987e-01
-2.843912304278155556e+00
-1.499545393401542581e+00
-1.179938099851956412e+00
-1.299474699820500900e+00
-6.781495567519242318e-01
-1.195882464162489445e+00
2.477706647642691218e-02
3.585495635367067502e-01
1.422777885822751776e+00
7.680840748964228304e-01
6.384043365143634574e-01
2.620453383360252353e+00
2.914823269512339721e+00
2.917858641835569866e+00
2.648324397949281650e+00
3.441579011119607845e+00
3.039146586869580169e+00
3.213033386371747735e+00
3.913332961716641911e+00
3.861544934889416858e+00
3.663988562909369584e+00
4.086522317466915410e+00
3.002455297907085541e+00
3.495390870014219775e+00
2.340728441884320610e+00
2.795029524953143607e+00
2.354944285835712137e+00
2.612169707660699558e+00
1.581481576683668733e+00
9.081696446309506232e-01
-1.029707637571504630e+00
-1.731143946074450990e-01
-1.234630880608369452e-01
-9.341605354916803217e-01
-1.506343579821221912e+00
-2.156820777380268783e+00
-2.925364553130884726e+00
-2.227874958988770526e+00
-1.789407720526551948e+00
-3.026086196367716141e+00
-2.337926032658501185e+00
-2.720516465106451953e+00
-1.584637129153731117e+00
-2.954629016781682438e+00
-1.191237840620117616e+00
-1.968756828651524460e+00
-7.737050177487339031e-01
-7.406796226266382233e-01
-2.566957687064034266e-01
-1.325565430528137800e-01
-3.037613164600848070e-01
7.746223114244277230e-01
2.012267516824224334e-01
9.682694753403784382e-01
1.489297014752288151e+00
1.738899694166682108e+00
1.629147483798265128e+00
1.411788555135291556e+00
1.687039451193188988e+00
1.982705766319295293e+00
2.144913970670685455e+00
1.119748305098627439e+00
1.474295505252357863e+00
5.947631056052536946e-01
3.523263451574730754e-01
-8.506462218717857349e-01
-1.041476658589606696e+00
-2.226074673828787986e+00
-2.590212898425328980e+00
-3.041028358041990121e+00
-2.671633008966013634e+00
-3.213568426371030018e+00
-4.393005400593612109e+00
-3.615869007920147205e+00
-5.182695875318566792e+00
-4.296475357498792391e+00
-5.094503486017012861e+00
-5.951513474637371459e+00
-4.926345850851379105e+00
-3.788348208106806059e+00
-4.982172481255572549e+00
-3.860870118976239773e+00
-4.192459607827548673e+00
-2.393825722244927956e+00
-2.928876563672091926e+00
-2.004708134501688832e+00
-1.334782282499766826e+00
-3.693233496831382912e-01
-1.846432137193280976e-01
1.110549082912189178e-01
8.933050316546160552e-01
2.136460930820922144e+00
1.250466181551071365e+00
2.468379252722346706e+00
3.251431549347514327e+00
2.362999629361015153e+00
2.159009511205687293e+00
3.163716434992059234e+00
2.420136644445924912e+00
2.733172975838087826e+00
2.601708976001402274e+00
2.669482074564240026e+00
2.739121407332358427e+00
2.533901178726312597e+00
1.786246705253609734e+00
7.268052647496638929e-01
5.434913771002697347e-01
-9.342231926967137223e-02
-7.890535177734374350e-02
-1.105805671901607390e-01
-1.409380400489839591e+00
-9.710085851400476198e-01
-1.298123183253035773e+00
-1.255866825533602071e+00
-8.067343710939147705e-01
-1.366840053653500808e+00
-1.184081848927451164e+00
-5.482217567207724462e-01
-7.722454317133814472e-01
-3.154858778142358711e-01
-5.534092202460485499e-01
-1.444401780463393514e-01
1.440603396808787240e-01
9.873996020093372961e-01
2.300572758027965570e+00
1.696752142438190614e+00
2.516859707555105352e+00
3.660402303447754857e+00
3.562122700718719948e+00
3.559402638738405233e+00
4.256526501307591914e+00
4.435884579213642986e+00
4.816593140409229257e+00
5.142723957375064714e+00
4.914318958549126926e+00
5.483820446987642150e+00
4.986197134737988534e+00
3.966276137238514909e+00
4.230485156050296069e+00
3.691106476162211880e+00
4.127306898463915630e+00
2.848814263876155550e+00
2.321493968848194367e+00
2.213624441483581506e+00
1.818585761928412925e+00
4.096168183436259547e-01
-7.148202055021734003e-01
-9.784644500896392261e-01
-1.584732047511939079e+00
-4.237847697784717926e-01
-2.304725280333663306e+00
-2.404885853361706793e+00
-1.972208317122795762e+00
-2.829558795932606508e+00
-2.462371015269696262e+00
-2.986987376425861651e+00
-3.624692534395367982e+00
-3.065521655748285390e+00
-2.249069392487361263e+00
-1.880505515822729512e+00
-2.459183998726185649e+00
-3.209294056976997211e+00
-1.692407281766848737e+00
-1.064455796484244043e+00
-2.099220522651859433e+00
-1.001074911831557612e+00
3.645758127306591989e-01
6.913857569209240772e-01
-1.010473171863280895e+00
3.736608693826666827e-01
-3.050178148736482076e-01
4.420557149882715642e-01
1.176458415320589257e-01
3.902793219280371040e-01
8.091611291487376123e-01
-3.118188968403495243e-01
5.091985560452655379e-02
-7.467612221000484718e-01
-1.185711366276731349e+00
-8.302481778186036054e-01
-1.448785763181697606e+00
-1.973987792475891734e+00
-2.619549222182467663e+00
-2.316724805985201918e+00
-3.030472051769008246e+00
-3.920076308110766128e+00
-4.053380157249907967e+00
-4.438455199096603465e+00
-3.154466102246825887e+00
-4.362029696789121225e+00
-3.974559572827241372e+00
-3.815116958370797562e+00
-3.783357218771809194e+00
-3.219273666960664748e+00
-3.417210298306722738e+00
-4.036236565203545901e+00
-2.190022697250712191e+00
-3.010229187293476549e+00
-1.356619040243112639e+00
-2.060477810397714826e+00
-1.824549413806765719e+00
-1.578686214333751003e+00
-4.686797358711373152e-01
1.316516411531950537e-01
1.069407270561352763e-01
1.392539831588711419e+00
1.064702359150368371e+00
1.722048729033812453e+00
8.055589227062686097e-01
2.268218244800895178e+00
1.665111775924434490e+00
2.927580702346213926e+00
2.331578377977539862e+00
2.095362700497150676e+00
2.110934586469163321e+00
1.835461398423842150e+00
2.824026887936040620e+00
2.394147303167828422e+00
2.469636358167911272e+00
1.401564526695958213e+00
1.336150606126917273e+00
1.889684006606548561e+00
1.880498803515999739e+00
1.512067479466624231e+00
2.173268781569700714e+00
1.080841294363397154e+00
2.036049372044653971e+00
1.353300039783722486e+00
2.433100279600562965e-01
1.026434135707011253e+00
1.597243064550453173e-01
6.155157178052117484e-01
1.433785563334006419e+00
1.515221456613480067e+00
1.617596262487609238e+00
1.986497568331142549e+00
2.022210412301959970e+00
1.958436792214049316e+00
3.542446501525855496e+00
3.479119124925215800e+00
2.351154732024032690e+00
3.012840532729502030e+00
2.416945521745200054e+00
3.580342804238139998e+00
3.339017500494313229e+00
3.484877518528993967e+00
3.902460364841322971e+00
3.063401745415312849e+00
3.317301738405881384e+00
3.055768977702967071e+00
2.359349118333658346e+00
2.504046392503375795e+00
2.017893158600082337e+00
1.795017437150164819e+00
1.408551725117807463e+00
1.360768398341233310e+00
8.245461608301182244e-01
-3.491140130779751827e-01
-1.386180857100348662e-01
3.268363488635214753e-01
1.501595292034817453e-01
-5.767758146363282101e-01
-1.394102296668289664e+00
-4.718959973572482980e-01
-1.433605832562440341e+00
-1.483005013019407015e+00
-1.830411321082949350e+00
-1.747325489347228533e+00
-1.713368716122441571e+00
-1.138392751578446660e+00
-1.769141081376515379e+00
-2.084611440542494254e+00
-1.469520647437578598e+00
-2.211933916414440926e+00
-1.329238485892681121e+00
-2.402409103951727687e+00
-2.114954630602986274e+00
-1.631135937883906539e+00
-1.090333578901546918e+00
-1.570227716077611246e+00
-1.875740432544957814e+00
-9.412358825611880642e-01
-1.236556158876774614e+00
-2.049945507455578131e+00
-2.562751846580949788e+00
-1.558009263817392132e+00
-2.318881580881058557e+00
-2.242057721165950035e+00
-2.876385490834790559e+00
-1.639873547524758557e+00
-2.704584810489008451e+00
-2.235853633245044048e+00
-2.837963096873612034e+00
-2.820139644377449795e+00
-3.044554822123750171e+00
-2.345964604119708863e+00
-4.391074348121057902e+00
-3.365117115888558885e+00
-3.676902539375934253e+00
-2.602867622632513367e+00
-3.265679598925965266e+00
-2.964760205222431111e+00
-1.908148260590658341e+00
-2.523693772756748999e+00
-1.007447766832563874e+00
-2.091810316694494798e+00
-2.479123547271040451e+00
-4.183533846217500907e-01
-1.232901591880289693e+00
-2.007451707690933174e-01
5.832513544777454539e-01
2.691912694382823656e-01
9.227682847263412036e-01
8.889178330713061182e-01
1.389522767171159190e+00
4.528115580821541197e-01
6.964174256120706508e-01
2.420974708916097562e+00
1.609142622747649298e+00
8.863416923786355817e-01
1.847851143950012265e+00
6.374721978982214043e-01
1.056253855139948294e+00
1.261595011752884465e+00
7.468316027053711892e-01
5.682723784920592491e-01
5.758102322950484631e-01
6.146423413583417261e-01
9.378462428706201282e-01
1.008066046233765167e+00
3.105591443795893136e-01
1.327781968982130745e-01
1.529132171942481744e+00
1.121495801545071003e-01
3.017947101570760404e-01
5.743945030054579126e-01
1.246302714105761877e+00
7.126895405136128847e-01
1.174518658045560882e+00
1.142210498934112639e+00
2.258836302052529721e+00
2.011067269980207683e+00
2.624978679428263018e+00
3.008590026292579100e+00
3.058787044065554905e+00
3.259859634475237300e+00
3.581946116297189064e+00
4.209670676511191090e+00
3.759216025380856419e+00
3.626818165472882605e+00
3.602546087169388400e+00
3.740057197724960592e+00
4.683732375920406810e+00
3.839875436892282057e+00
3.904865745142567679e+00
3.352609434710160041e+00
3.360961989849124532e+00
2.952140924558250834e+00
2.303209110017679251e+00
2.873574795335607224e+00
1.505825578472158366e+00
1.680195653276696621e+00
1.409790711025187271e+00
2.344080361606243335e-02
-4.094363923091906554e-01
-7.679504302767350410e-01
-1.056218247933831345e+00
-3.457883305226381321e-01
-1.767732063035733603e+00
-1.566135040886591501e+00
-2.935448364355607520e+00
-3.354008258054011371e+00
-3.048745666827795020e+00
-2.439036215021247678e+00
-1.860155787574198527e+00
-2.102504062519912953e+00
-1.952565042996121214e+00
-1.984771707571649335e+00
-2.157831974635637806e+00
-2.516119880511001661e+00
-1.473451808403530405e+00
-1.931939481959010774e+00
-8.155404363261392620e-01
-1.253982706436231442e+00
1.447562119076529763e-01
-4.325131834216435767e-01
6.599108511287324341e-02
1.764361791192741447e-01
-6.681255361631505130e-01
2.943516658225656668e-01
6.381812756391049835e-01
2.974171807943130075e-01
7.184685959565140223e-02
4.258777389249258083e-01
-8.599823181500421132e-01
9.538465445155892564e-01
-1.041096591781158320e+00
-1.216238596003712980e+00
-2.188085141666835653e+00
-1.801525486790211739e+00
-2.657950282285189925e+00
-2.811477681965869113e+00
-3.062873945487433414e+00
-3.284824816080479160e+00
-3.740975034553170708e+00
-3.782441151876177798e+00
-4.249323349283152140e+00
-3.740746062474710865e+00
-4.447611270430770425e+00
-4.206044438725544232e+00
-4.605827799331999373e+00
-4.654114586067507275e+00
-3.928279277438146977e+00
-3.266387631932626601e+00
-3.955252073992073569e+00
-1.837031606328272559e+00
-2.309428158525312469e+00
-1.907451724438719243e+00
-7.363393607002116648e-01
-1.913478181580932080e-01
3.030531652253851682e-01
1.407338468328047876e+00
1.222973630372197862e+00
2.517254999341808741e+00
1.706103835415398784e+00
2.410686683415098841e+00
2.788493515544430146e+00
2.895137461333445739e+00
3.549148405274269891e+00
3.691581953564476493e+00
3.853381741844104980e+00
2.787408529078526875e+00
3.418259845379469475e+00
3.054151237229697280e+00
3.226664702958898623e+00
3.099874007508610863e+00
3.048574845861323990e+00
1.290814573545436605e+00
5.928839043249091167e-01
5.604202934640110101e-01
-2.837321007313180488e-01
-8.798825396636761331e-02
-5.723047021517084776e-01
-1.908034032520373069e+00
-1.256074728233986804e+00
-1.534430369592527654e+00
-6.963681892568789333e-01
-1.679503884548608106e+00
-1.660626398907896206e+00
-1.251469639386493027e+00
-5.828418783319537777e-01
-1.016093658157556590e+00
-9.307648608641641008e-01
-6.779347006009714960e-01
2.861499644705922663e-01
3.998336931768947666e-01
1.549817864419736901e+00
1.582066668060981618e+00
1.393207667360170099e-01
2.379161728888285143e+00
1.828886512432985834e+00
3.448819828491007655e+00
4.160690216689932441e+00
3.533466695602733854e+00
4.485735884731548495e+00
4.366503160527304139e+00
5.284076364661006053e+00
3.756230999884466293e+00
3.801799875425410757e+00
3.847259493383647033e+00
3.428435577953933056e+00
3.123001529223688788e+00
2.557726706751864754e+00
2.352523938583899188e+00
2.145933217999335785e+00
2.312756402546977341e+00
7.576956426281786783e-01
-2.874149929955146371e-02
-2.294447763093913073e-01
-1.689915969788919003e+00
-1.143766568775690606e+00
-1.997015538845426708e+00
-2.171699402420253389e+00
-3.259636959074070806e+00
-3.253228741780188837e+00
-2.896388135881087234e+00
-4.164304884441711430e+00
-3.987068812654952055e+00
-3.346610094331898821e+00
-3.388075768562859746e+00
-3.295024777788569281e+00
-3.246194112039836099e+00
-2.554032246326193967e+00
-2.669757315794651031e+00
-2.192541410068272079e+00
-1.187927292473617058e+00
-1.162942889889025944e+00
-1.455386015137952294e+00
-4.269409463553435202e-01
